glide 40.201;
color-cp17 -1.23691e+07;
color-cp16 -4.01337e+06;
color-cp15 -4.01337e+06;
color-cp14 -4.01337e+06;
color-cp13 -4.01337e+06;
color-cp12 -4.01337e+06;
color-cp11 -1.23691e+07;
color-cp37 -1.23691e+07;
color-cp36 -4.01337e+06;
color-cp35 -4.01337e+06;
color-cp34 -1.23691e+07;
color-cp33 -1.23691e+07;
color-cp32 -4.01337e+06;
color-cp31 -1.23691e+07;
color-cp57 -1.23691e+07;
color-cp56 -4.01337e+06;
color-cp55 -4.01337e+06;
color-cp54 -4.01337e+06;
color-cp53 -4.01337e+06;
color-cp52 -4.01337e+06;
color-cp51 -1.23691e+07;
color-cp41 -1.23691e+07;
color-cp42 -4.01337e+06;
color-cp43 -1.23691e+07;
color-cp44 -1.23691e+07;
color-cp45 -1.23691e+07;
color-cp46 -4.01337e+06;
color-cp47 -1.23691e+07;
color-cp21 -1.23691e+07;
color-cp22 -4.01337e+06;
color-cp23 -1.23691e+07;
color-cp24 -1.23691e+07;
color-cp25 -1.23691e+07;
color-cp26 -1.23691e+07;
color-cp27 -1.23691e+07;
preset_name INIT;
p34 48 0.724063 0.5 0.671572 48 0.502154 0.5 0.0993048 48 0.5 0.0541978
48 0.5 0.0488632 48 0.5 0.00760077 76.1912 0 0 1.21147 16 328.195 8.20496
50 23.8033 2.01657 1.70938 81.6216 40.6739 0 0 15 322.813 6.1712 50
21.6393 2.02767 2.07124 0.365663 0.243321 0.0425614 2.7186e-06 48.0201
0.512857 0.206671 8.15517 0.982617 451.057 862.785 1.09796 3362.97
0.94938 0.5 0 67 65 60 84 50 67 4997.48 0.989851 0.505829 0 0.989634
0 0 0 0 0 0 0 0 0 0 0.848914 0.769231 1 1 0 0.971671 0.513257 1 1 0
0.827277 0.633682 1 1;
p17 48 0.724063 0.5 0.671572 48 0.502154 0.5 0.0993048 48 0.5 0.0541978
48 0.5 0.0488632 48 0.5 0.00760077 76.1912 0 0 1.21147 16 328.195 8.20496
50 23.8033 2.01657 1.70938 81.6216 40.6739 0 0 15 322.813 6.1712 50
21.6393 2.02767 2.07124 0.365663 0.243321 0.0425614 2.7186e-06 48.0201
0.512857 0.206671 8.15517 0.982617 451.057 862.785 1.09796 3362.97
0.94938 0.5 0 67 65 60 84 50 67 4997.48 0.989851 0.505829 0 0.989634
0 0 0 0 0 0 0 0 0 0 0.848914 0.769231 1 1 0 0.971671 0.513257 1 1 0
0.827277 0.633682 1 1;
p27 48 0.724063 0.5 0.671572 48 0.502154 0.5 0.0993048 48 0.5 0.0541978
48 0.5 0.0488632 48 0.5 0.00760077 76.1912 0 0 1.21147 16 328.195 8.20496
50 23.8033 2.01657 1.70938 81.6216 40.6739 0 0 15 322.813 6.1712 50
21.6393 2.02767 2.07124 0.365663 0.243321 0.0425614 2.7186e-06 48.0201
0.512857 0.206671 8.15517 0.982617 451.057 862.785 1.09796 3362.97
0.94938 0.5 0 67 65 60 84 50 67 4997.48 0.989851 0.505829 0 0.989634
0 0 0 0 0 0 0 0 0 0 0.848914 0.769231 1 1 0 0.971671 0.513257 1 1 0
0.827277 0.633682 1 1;
p37 48 0.724063 0.5 0.671572 48 0.502154 0.5 0.0993048 48 0.5 0.0541978
48 0.5 0.0488632 48 0.5 0.00760077 76.1912 0 0 1.21147 16 328.195 8.20496
50 23.8033 2.01657 1.70938 81.6216 40.6739 0 0 15 322.813 6.1712 50
21.6393 2.02767 2.07124 0.365663 0.243321 0.0425614 2.7186e-06 48.0201
0.512857 0.206671 8.15517 0.982617 451.057 862.785 1.09796 3362.97
0.94938 0.5 0 67 65 60 84 50 67 4997.48 0.989851 0.505829 0 0.989634
0 0 0 0 0 0 0 0 0 0 0.848914 0.769231 1 1 0 0.971671 0.513257 1 1 0
0.827277 0.633682 1 1;
p47 48 0.724063 0.5 0.671572 48 0.502154 0.5 0.0993048 48 0.5 0.0541978
48 0.5 0.0488632 48 0.5 0.00760077 76.1912 0 0 1.21147 16 328.195 8.20496
50 23.8033 2.01657 1.70938 81.6216 40.6739 0 0 15 322.813 6.1712 50
21.6393 2.02767 2.07124 0.365663 0.243321 0.0425614 2.7186e-06 48.0201
0.512857 0.206671 8.15517 0.982617 451.057 862.785 1.09796 3362.97
0.94938 0.5 0 67 65 60 84 50 67 4997.48 0.989851 0.505829 0 0.989634
0 0 0 0 0 0 0 0 0 0 0.848914 0.769231 1 1 0 0.971671 0.513257 1 1 0
0.827277 0.633682 1 1;
p57 48 0.724063 0.5 0.671572 48 0.502154 0.5 0.0993048 48 0.5 0.0541978
48 0.5 0.0488632 48 0.5 0.00760077 76.1912 0 0 1.21147 16 328.195 8.20496
50 23.8033 2.01657 1.70938 81.6216 40.6739 0 0 15 322.813 6.1712 50
21.6393 2.02767 2.07124 0.365663 0.243321 0.0425614 2.7186e-06 48.0201
0.512857 0.206671 8.15517 0.982617 451.057 862.785 1.09796 3362.97
0.94938 0.5 0 67 65 60 84 50 67 4997.48 0.989851 0.505829 0 0.989634
0 0 0 0 0 0 0 0 0 0 0.848914 0.769231 1 1 0 0.971671 0.513257 1 1 0
0.827277 0.633682 1 1;
p56 48 0.724063 0.5 0.671572 48 0.502154 0.5 0.0993048 48 0.5 0.0541978
48 0.5 0.0488632 48 0.5 0.00760077 76.1912 0 0 1.21147 16 328.195 8.20496
50 23.8033 2.01657 1.70938 81.6216 40.6739 0 0 15 322.813 6.1712 50
21.6393 2.02767 2.07124 0.365663 0.243321 0.0425614 2.7186e-06 48.0201
0.512857 0.206671 8.15517 0.982617 451.057 862.785 1.09796 3362.97
0.94938 0.5 0 67 65 60 84 50 67 4997.48 0.989851 0.505829 0 0.989634
0 0 0 0 0 0 0 0 0 0 0.848914 0.769231 1 1 0 0.971671 0.513257 1 1 0
0.827277 0.633682 1 1;
p46 48 0.724063 0.5 0.671572 48 0.502154 0.5 0.0993048 48 0.5 0.0541978
48 0.5 0.0488632 48 0.5 0.00760077 76.1912 0 0 1.21147 16 328.195 8.20496
50 23.8033 2.01657 1.70938 81.6216 40.6739 0 0 15 322.813 6.1712 50
21.6393 2.02767 2.07124 0.365663 0.243321 0.0425614 2.7186e-06 48.0201
0.512857 0.206671 8.15517 0.982617 451.057 862.785 1.09796 3362.97
0.94938 0.5 0 67 65 60 84 50 67 4997.48 0.989851 0.505829 0 0.989634
0 0 0 0 0 0 0 0 0 0 0.848914 0.769231 1 1 0 0.971671 0.513257 1 1 0
0.827277 0.633682 1 1;
p36 48 0.724063 0.5 0.671572 48 0.502154 0.5 0.0993048 48 0.5 0.0541978
48 0.5 0.0488632 48 0.5 0.00760077 76.1912 0 0 1.21147 16 328.195 8.20496
50 23.8033 2.01657 1.70938 81.6216 40.6739 0 0 15 322.813 6.1712 50
21.6393 2.02767 2.07124 0.365663 0.243321 0.0425614 2.7186e-06 48.0201
0.512857 0.206671 8.15517 0.982617 451.057 862.785 1.09796 3362.97
0.94938 0.5 0 67 65 60 84 50 67 4997.48 0.989851 0.505829 0 0.989634
0 0 0 0 0 0 0 0 0 0 0.848914 0.769231 1 1 0 0.971671 0.513257 1 1 0
0.827277 0.633682 1 1;
p26 48 0.724063 0.5 0.671572 48 0.502154 0.5 0.0993048 48 0.5 0.0541978
48 0.5 0.0488632 48 0.5 0.00760077 76.1912 0 0 1.21147 16 328.195 8.20496
50 23.8033 2.01657 1.70938 81.6216 40.6739 0 0 15 322.813 6.1712 50
21.6393 2.02767 2.07124 0.365663 0.243321 0.0425614 2.7186e-06 48.0201
0.512857 0.206671 8.15517 0.982617 451.057 862.785 1.09796 3362.97
0.94938 0.5 0 67 65 60 84 50 67 4997.48 0.989851 0.505829 0 0.989634
0 0 0 0 0 0 0 0 0 0 0.848914 0.769231 1 1 0 0.971671 0.513257 1 1 0
0.827277 0.633682 1 1;
p16 48 0.724063 0.5 0.671572 48 0.502154 0.5 0.0993048 48 0.5 0.0541978
48 0.5 0.0488632 48 0.5 0.00760077 76.1912 0 0 1.21147 16 328.195 8.20496
50 23.8033 2.01657 1.70938 81.6216 40.6739 0 0 15 322.813 6.1712 50
21.6393 2.02767 2.07124 0.365663 0.243321 0.0425614 2.7186e-06 48.0201
0.512857 0.206671 8.15517 0.982617 451.057 862.785 1.09796 3362.97
0.94938 0.5 0 67 65 60 84 50 67 4997.48 0.989851 0.505829 0 0.989634
0 0 0 0 0 0 0 0 0 0 0.848914 0.769231 1 1 0 0.971671 0.513257 1 1 0
0.827277 0.633682 1 1;
p15 48 0.724063 0.5 0.671572 48 0.502154 0.5 0.0993048 48 0.5 0.0541978
48 0.5 0.0488632 48 0.5 0.00760077 76.1912 0 0 1.21147 16 328.195 8.20496
50 23.8033 2.01657 1.70938 81.6216 40.6739 0 0 15 322.813 6.1712 50
21.6393 2.02767 2.07124 0.365663 0.243321 0.0425614 2.7186e-06 48.0201
0.512857 0.206671 8.15517 0.982617 451.057 862.785 1.09796 3362.97
0.94938 0.5 0 67 65 60 84 50 67 4997.48 0.989851 0.505829 0 0.989634
0 0 0 0 0 0 0 0 0 0 0.848914 0.769231 1 1 0 0.971671 0.513257 1 1 0
0.827277 0.633682 1 1;
p25 48 0.724063 0.5 0.671572 48 0.502154 0.5 0.0993048 48 0.5 0.0541978
48 0.5 0.0488632 48 0.5 0.00760077 76.1912 0 0 1.21147 16 328.195 8.20496
50 23.8033 2.01657 1.70938 81.6216 40.6739 0 0 15 322.813 6.1712 50
21.6393 2.02767 2.07124 0.365663 0.243321 0.0425614 2.7186e-06 48.0201
0.512857 0.206671 8.15517 0.982617 451.057 862.785 1.09796 3362.97
0.94938 0.5 0 67 65 60 84 50 67 4997.48 0.989851 0.505829 0 0.989634
0 0 0 0 0 0 0 0 0 0 0.848914 0.769231 1 1 0 0.971671 0.513257 1 1 0
0.827277 0.633682 1 1;
p35 48 0.724063 0.5 0.671572 48 0.502154 0.5 0.0993048 48 0.5 0.0541978
48 0.5 0.0488632 48 0.5 0.00760077 76.1912 0 0 1.21147 16 328.195 8.20496
50 23.8033 2.01657 1.70938 81.6216 40.6739 0 0 15 322.813 6.1712 50
21.6393 2.02767 2.07124 0.365663 0.243321 0.0425614 2.7186e-06 48.0201
0.512857 0.206671 8.15517 0.982617 451.057 862.785 1.09796 3362.97
0.94938 0.5 0 67 65 60 84 50 67 4997.48 0.989851 0.505829 0 0.989634
0 0 0 0 0 0 0 0 0 0 0.848914 0.769231 1 1 0 0.971671 0.513257 1 1 0
0.827277 0.633682 1 1;
p45 48 0.724063 0.5 0.671572 48 0.502154 0.5 0.0993048 48 0.5 0.0541978
48 0.5 0.0488632 48 0.5 0.00760077 76.1912 0 0 1.21147 16 328.195 8.20496
50 23.8033 2.01657 1.70938 81.6216 40.6739 0 0 15 322.813 6.1712 50
21.6393 2.02767 2.07124 0.365663 0.243321 0.0425614 2.7186e-06 48.0201
0.512857 0.206671 8.15517 0.982617 451.057 862.785 1.09796 3362.97
0.94938 0.5 0 67 65 60 84 50 67 4997.48 0.989851 0.505829 0 0.989634
0 0 0 0 0 0 0 0 0 0 0.848914 0.769231 1 1 0 0.971671 0.513257 1 1 0
0.827277 0.633682 1 1;
p55 48 0.724063 0.5 0.671572 48 0.502154 0.5 0.0993048 48 0.5 0.0541978
48 0.5 0.0488632 48 0.5 0.00760077 76.1912 0 0 1.21147 16 328.195 8.20496
50 23.8033 2.01657 1.70938 81.6216 40.6739 0 0 15 322.813 6.1712 50
21.6393 2.02767 2.07124 0.365663 0.243321 0.0425614 2.7186e-06 48.0201
0.512857 0.206671 8.15517 0.982617 451.057 862.785 1.09796 3362.97
0.94938 0.5 0 67 65 60 84 50 67 4997.48 0.989851 0.505829 0 0.989634
0 0 0 0 0 0 0 0 0 0 0.848914 0.769231 1 1 0 0.971671 0.513257 1 1 0
0.827277 0.633682 1 1;
p54 48 0.724063 0.5 0.671572 48 0.502154 0.5 0.0993048 48 0.5 0.0541978
48 0.5 0.0488632 48 0.5 0.00760077 76.1912 0 0 1.21147 16 328.195 8.20496
50 23.8033 2.01657 1.70938 81.6216 40.6739 0 0 15 322.813 6.1712 50
21.6393 2.02767 2.07124 0.365663 0.243321 0.0425614 2.7186e-06 48.0201
0.512857 0.206671 8.15517 0.982617 451.057 862.785 1.09796 3362.97
0.94938 0.5 0 67 65 60 84 50 67 4997.48 0.989851 0.505829 0 0.989634
0 0 0 0 0 0 0 0 0 0 0.848914 0.769231 1 1 0 0.971671 0.513257 1 1 0
0.827277 0.633682 1 1;
p44 48 0.724063 0.5 0.671572 48 0.502154 0.5 0.0993048 48 0.5 0.0541978
48 0.5 0.0488632 48 0.5 0.00760077 76.1912 0 0 1.21147 16 328.195 8.20496
50 23.8033 2.01657 1.70938 81.6216 40.6739 0 0 15 322.813 6.1712 50
21.6393 2.02767 2.07124 0.365663 0.243321 0.0425614 2.7186e-06 48.0201
0.512857 0.206671 8.15517 0.982617 451.057 862.785 1.09796 3362.97
0.94938 0.5 0 67 65 60 84 50 67 4997.48 0.989851 0.505829 0 0.989634
0 0 0 0 0 0 0 0 0 0 0.848914 0.769231 1 1 0 0.971671 0.513257 1 1 0
0.827277 0.633682 1 1;
p24 48 0.724063 0.5 0.671572 48 0.502154 0.5 0.0993048 48 0.5 0.0541978
48 0.5 0.0488632 48 0.5 0.00760077 76.1912 0 0 1.21147 16 328.195 8.20496
50 23.8033 2.01657 1.70938 81.6216 40.6739 0 0 15 322.813 6.1712 50
21.6393 2.02767 2.07124 0.365663 0.243321 0.0425614 2.7186e-06 48.0201
0.512857 0.206671 8.15517 0.982617 451.057 862.785 1.09796 3362.97
0.94938 0.5 0 67 65 60 84 50 67 4997.48 0.989851 0.505829 0 0.989634
0 0 0 0 0 0 0 0 0 0 0.848914 0.769231 1 1 0 0.971671 0.513257 1 1 0
0.827277 0.633682 1 1;
p14 48 0.724063 0.5 0.671572 48 0.502154 0.5 0.0993048 48 0.5 0.0541978
48 0.5 0.0488632 48 0.5 0.00760077 76.1912 0 0 1.21147 16 328.195 8.20496
50 23.8033 2.01657 1.70938 81.6216 40.6739 0 0 15 322.813 6.1712 50
21.6393 2.02767 2.07124 0.365663 0.243321 0.0425614 2.7186e-06 48.0201
0.512857 0.206671 8.15517 0.982617 451.057 862.785 1.09796 3362.97
0.94938 0.5 0 67 65 60 84 50 67 4997.48 0.989851 0.505829 0 0.989634
0 0 0 0 0 0 0 0 0 0 0.848914 0.769231 1 1 0 0.971671 0.513257 1 1 0
0.827277 0.633682 1 1;
p13 48 0.724063 0.5 0.671572 48 0.502154 0.5 0.0993048 48 0.5 0.0541978
48 0.5 0.0488632 48 0.5 0.00760077 76.1912 0 0 1.21147 16 328.195 8.20496
50 23.8033 2.01657 1.70938 81.6216 40.6739 0 0 15 322.813 6.1712 50
21.6393 2.02767 2.07124 0.365663 0.243321 0.0425614 2.7186e-06 48.0201
0.512857 0.206671 8.15517 0.982617 451.057 862.785 1.09796 3362.97
0.94938 0.5 0 67 65 60 84 50 67 4997.48 0.989851 0.505829 0 0.989634
0 0 0 0 0 0 0 0 0 0 0.848914 0.769231 1 1 0 0.971671 0.513257 1 1 0
0.827277 0.633682 1 1;
p23 48 0.724063 0.5 0.671572 48 0.502154 0.5 0.0993048 48 0.5 0.0541978
48 0.5 0.0488632 48 0.5 0.00760077 76.1912 0 0 1.21147 16 328.195 8.20496
50 23.8033 2.01657 1.70938 81.6216 40.6739 0 0 15 322.813 6.1712 50
21.6393 2.02767 2.07124 0.365663 0.243321 0.0425614 2.7186e-06 48.0201
0.512857 0.206671 8.15517 0.982617 451.057 862.785 1.09796 3362.97
0.94938 0.5 0 67 65 60 84 50 67 4997.48 0.989851 0.505829 0 0.989634
0 0 0 0 0 0 0 0 0 0 0.848914 0.769231 1 1 0 0.971671 0.513257 1 1 0
0.827277 0.633682 1 1;
p33 48 0.724063 0.5 0.671572 48 0.502154 0.5 0.0993048 48 0.5 0.0541978
48 0.5 0.0488632 48 0.5 0.00760077 76.1912 0 0 1.21147 16 328.195 8.20496
50 23.8033 2.01657 1.70938 81.6216 40.6739 0 0 15 322.813 6.1712 50
21.6393 2.02767 2.07124 0.365663 0.243321 0.0425614 2.7186e-06 48.0201
0.512857 0.206671 8.15517 0.982617 451.057 862.785 1.09796 3362.97
0.94938 0.5 0 67 65 60 84 50 67 4997.48 0.989851 0.505829 0 0.989634
0 0 0 0 0 0 0 0 0 0 0.848914 0.769231 1 1 0 0.971671 0.513257 1 1 0
0.827277 0.633682 1 1;
p43 48 0.724063 0.5 0.671572 48 0.502154 0.5 0.0993048 48 0.5 0.0541978
48 0.5 0.0488632 48 0.5 0.00760077 76.1912 0 0 1.21147 16 328.195 8.20496
50 23.8033 2.01657 1.70938 81.6216 40.6739 0 0 15 322.813 6.1712 50
21.6393 2.02767 2.07124 0.365663 0.243321 0.0425614 2.7186e-06 48.0201
0.512857 0.206671 8.15517 0.982617 451.057 862.785 1.09796 3362.97
0.94938 0.5 0 67 65 60 84 50 67 4997.48 0.989851 0.505829 0 0.989634
0 0 0 0 0 0 0 0 0 0 0.848914 0.769231 1 1 0 0.971671 0.513257 1 1 0
0.827277 0.633682 1 1;
p53 48 0.724063 0.5 0.671572 48 0.502154 0.5 0.0993048 48 0.5 0.0541978
48 0.5 0.0488632 48 0.5 0.00760077 76.1912 0 0 1.21147 16 328.195 8.20496
50 23.8033 2.01657 1.70938 81.6216 40.6739 0 0 15 322.813 6.1712 50
21.6393 2.02767 2.07124 0.365663 0.243321 0.0425614 2.7186e-06 48.0201
0.512857 0.206671 8.15517 0.982617 451.057 862.785 1.09796 3362.97
0.94938 0.5 0 67 65 60 84 50 67 4997.48 0.989851 0.505829 0 0.989634
0 0 0 0 0 0 0 0 0 0 0.848914 0.769231 1 1 0 0.971671 0.513257 1 1 0
0.827277 0.633682 1 1;
p52 48 0.724063 0.5 0.671572 48 0.502154 0.5 0.0993048 48 0.5 0.0541978
48 0.5 0.0488632 48 0.5 0.00760077 76.1912 0 0 1.21147 16 328.195 8.20496
50 23.8033 2.01657 1.70938 81.6216 40.6739 0 0 15 322.813 6.1712 50
21.6393 2.02767 2.07124 0.365663 0.243321 0.0425614 2.7186e-06 48.0201
0.512857 0.206671 8.15517 0.982617 451.057 862.785 1.09796 3362.97
0.94938 0.5 0 67 65 60 84 50 67 4997.48 0.989851 0.505829 0 0.989634
0 0 0 0 0 0 0 0 0 0 0.848914 0.769231 1 1 0 0.971671 0.513257 1 1 0
0.827277 0.633682 1 1;
p51 48 0.724063 0.5 0.671572 48 0.502154 0.5 0.0993048 48 0.5 0.0541978
48 0.5 0.0488632 48 0.5 0.00760077 76.1912 0 0 1.21147 16 328.195 8.20496
50 23.8033 2.01657 1.70938 81.6216 40.6739 0 0 15 322.813 6.1712 50
21.6393 2.02767 2.07124 0.365663 0.243321 0.0425614 2.7186e-06 48.0201
0.512857 0.206671 8.15517 0.982617 451.057 862.785 1.09796 3362.97
0.94938 0.5 0 67 65 60 84 50 67 4997.48 0.989851 0.505829 0 0.989634
0 0 0 0 0 0 0 0 0 0 0.848914 0.769231 1 1 0 0.971671 0.513257 1 1 0
0.827277 0.633682 1 1;
p42 48 0.724063 0.5 0.671572 48 0.502154 0.5 0.0993048 48 0.5 0.0541978
48 0.5 0.0488632 48 0.5 0.00760077 76.1912 0 0 1.21147 16 328.195 8.20496
50 23.8033 2.01657 1.70938 81.6216 40.6739 0 0 15 322.813 6.1712 50
21.6393 2.02767 2.07124 0.365663 0.243321 0.0425614 2.7186e-06 48.0201
0.512857 0.206671 8.15517 0.982617 451.057 862.785 1.09796 3362.97
0.94938 0.5 0 67 65 60 84 50 67 4997.48 0.989851 0.505829 0 0.989634
0 0 0 0 0 0 0 0 0 0 0.848914 0.769231 1 1 0 0.971671 0.513257 1 1 0
0.827277 0.633682 1 1;
p41 48 0.724063 0.5 0.671572 48 0.502154 0.5 0.0993048 48 0.5 0.0541978
48 0.5 0.0488632 48 0.5 0.00760077 76.1912 0 0 1.21147 16 328.195 8.20496
50 23.8033 2.01657 1.70938 81.6216 40.6739 0 0 15 322.813 6.1712 50
21.6393 2.02767 2.07124 0.365663 0.243321 0.0425614 2.7186e-06 48.0201
0.512857 0.206671 8.15517 0.982617 451.057 862.785 1.09796 3362.97
0.94938 0.5 0 67 65 60 84 50 67 4997.48 0.989851 0.505829 0 0.989634
0 0 0 0 0 0 0 0 0 0 0.848914 0.769231 1 1 0 0.971671 0.513257 1 1 0
0.827277 0.633682 1 1;
p32 48 0.724063 0.5 0.671572 48 0.502154 0.5 0.0993048 48 0.5 0.0541978
48 0.5 0.0488632 48 0.5 0.00760077 76.1912 0 0 1.21147 16 328.195 8.20496
50 23.8033 2.01657 1.70938 81.6216 40.6739 0 0 15 322.813 6.1712 50
21.6393 2.02767 2.07124 0.365663 0.243321 0.0425614 2.7186e-06 48.0201
0.512857 0.206671 8.15517 0.982617 451.057 862.785 1.09796 3362.97
0.94938 0.5 0 67 65 60 84 50 67 4997.48 0.989851 0.505829 0 0.989634
0 0 0 0 0 0 0 0 0 0 0.848914 0.769231 1 1 0 0.971671 0.513257 1 1 0
0.827277 0.633682 1 1;
p31 48 0.724063 0.5 0.671572 48 0.502154 0.5 0.0993048 48 0.5 0.0541978
48 0.5 0.0488632 48 0.5 0.00760077 76.1912 0 0 1.21147 16 328.195 8.20496
50 23.8033 2.01657 1.70938 81.6216 40.6739 0 0 15 322.813 6.1712 50
21.6393 2.02767 2.07124 0.365663 0.243321 0.0425614 2.7186e-06 48.0201
0.512857 0.206671 8.15517 0.982617 451.057 862.785 1.09796 3362.97
0.94938 0.5 0 67 65 60 84 50 67 4997.48 0.989851 0.505829 0 0.989634
0 0 0 0 0 0 0 0 0 0 0.848914 0.769231 1 1 0 0.971671 0.513257 1 1 0
0.827277 0.633682 1 1;
p22 48 0.724063 0.5 0.671572 48 0.502154 0.5 0.0993048 48 0.5 0.0541978
48 0.5 0.0488632 48 0.5 0.00760077 76.1912 0 0 1.21147 16 328.195 8.20496
50 23.8033 2.01657 1.70938 81.6216 40.6739 0 0 15 322.813 6.1712 50
21.6393 2.02767 2.07124 0.365663 0.243321 0.0425614 2.7186e-06 48.0201
0.512857 0.206671 8.15517 0.982617 451.057 862.785 1.09796 3362.97
0.94938 0.5 0 67 65 60 84 50 67 4997.48 0.989851 0.505829 0 0.989634
0 0 0 0 0 0 0 0 0 0 0.848914 0.769231 1 1 0 0.971671 0.513257 1 1 0
0.827277 0.633682 1 1;
p21 48 0.724063 0.5 0.671572 48 0.502154 0.5 0.0993048 48 0.5 0.0541978
48 0.5 0.0488632 48 0.5 0.00760077 76.1912 0 0 1.21147 16 328.195 8.20496
50 23.8033 2.01657 1.70938 81.6216 40.6739 0 0 15 322.813 6.1712 50
21.6393 2.02767 2.07124 0.365663 0.243321 0.0425614 2.7186e-06 48.0201
0.512857 0.206671 8.15517 0.982617 451.057 862.785 1.09796 3362.97
0.94938 0.5 0 67 65 60 84 50 67 4997.48 0.989851 0.505829 0 0.989634
0 0 0 0 0 0 0 0 0 0 0.848914 0.769231 1 1 0 0.971671 0.513257 1 1 0
0.827277 0.633682 1 1;
p12 48 0.724063 0.5 0.671572 48 0.502154 0.5 0.0993048 48 0.5 0.0541978
48 0.5 0.0488632 48 0.5 0.00760077 76.1912 0 0 1.21147 16 328.195 8.20496
50 23.8033 2.01657 1.70938 81.6216 40.6739 0 0 15 322.813 6.1712 50
21.6393 2.02767 2.07124 0.365663 0.243321 0.0425614 2.7186e-06 48.0201
0.512857 0.206671 8.15517 0.982617 451.057 862.785 1.09796 3362.97
0.94938 0.5 0 67 65 60 84 50 67 4997.48 0.989851 0.505829 0 0.989634
0 0 0 0 0 0 0 0 0 0 0.848914 0.769231 1 1 0 0.971671 0.513257 1 1 0
0.827277 0.633682 1 1;
p11 48 0.724063 0.5 0.671572 48 0.502154 0.5 0.0993048 48 0.5 0.0541978
48 0.5 0.0488632 48 0.5 0.00760077 76.1912 0 0 1.21147 16 328.195 8.20496
50 23.8033 2.01657 1.70938 81.6216 40.6739 0 0 15 322.813 6.1712 50
21.6393 2.02767 2.07124 0.365663 0.243321 0.0425614 2.7186e-06 48.0201
0.512857 0.206671 8.15517 0.982617 451.057 862.785 1.09796 3362.97
0.94938 0.5 0 67 65 60 84 50 67 4997.48 0.989851 0.505829 0 0.989634
0 0 0 0 0 0 0 0 0 0 0.848914 0.769231 1 1 0 0.971671 0.513257 1 1 0
0.827277 0.633682 1 1;
LFO-ctrl-2 0;
LFO-waveform-2 0;
LFO-am-fm-phase-2 0;
LFO-ctrl-3 0;
LFO-waveform-3 0;
LFO-am-fm-phase-3 0;
granulate-sample-2 bells_1.wav;
granulate-start-2 0;
granulate-ctrl-2 1;
gens-ctl-2 1;
gens-waveform-2 2;
gens-ctl-3 1;
gens-waveform-3 5;
aniosc-ctl-2 1;
aniosc-wave-2 5;
granulate-sample-1 Sony_photo_camera.L.wav;
granulate-start-1 1;
granulate-ctrl-1 1;
gens-ctl-1 1;
gens-waveform-1 2;
LFO-ctrl-1 0;
LFO-waveform-1 0;
LFO-am-fm-phase-1 0;
FM-invertt-5 0;
lfo-FM-amt-5 69.3068;
lfo-FM-5 0;
lfo-AM-5 0;
lfo-route-dest-5 0;
lfo-FM-amt-4 90.9156;
FM-invertt-4 0;
lfo-FM-4 0;
lfo-AM-4 0;
lfo-route-dest-4 0;
adsr-amp-ctrl 0;
main-adsr-mode 1;
adsr-2-ctrl 0;
adsr-1-ctrl 0;
lfo-FM-3 0;
lfo-AM-3 0;
lfo-route-dest-3 0;
lfo-FM-2 0;
lfo-AM-2 0;
lfo-route-dest-2 0;
aniosc-ctl-1 1;
aniosc-wave-1 15;
delay-ctrl 1;
reso-lvl-ctrl 1;
reso-pitch-ctrl 1;
crush-ctrl 1;
extreme-drive 0;
drive-ctrl 1;
filter-ctrl 1;
lfo-FM-1 0;
lfo-AM-1 0;
lfo-route-dest-1 0;
main-mix-ctrl 1;
