gens-ctl-2 1;
gens-waveform-2 1;
gens-ctl-3 1;
gens-waveform-3 1;
aniosc-ctl-2 1;
aniosc-wave-2 7;
p34 72 0.113994 0.5 2.48582e-06 48 0.0790657 0.5 5.69096e-05 24.4069
0.5 0 14 0.5 2.79557e-06 48 0.5 0.00119628 76.1912 0 0 1.21147 16 328.195
8.20496 50 23.8033 2.01657 1.70938 81.6216 40.6739 0 0 14 322.813 6.1712
50 21.6393 2.02767 2.07124 0.365663 0.243321 0.0425614 2.7186e-06 48.0201
0.512857 0.206671 8.15517 0.982617 451.057 862.785 1.09796 3595.69
0.94938 0.5 0 67 65 60 84 50 67 4997.48 0.989851 0.505829 0 0.989634
0 0 0 0 0 0 0 0 0 0 0 0 0 0 0 0 0 0 0 0 0 0 0 0;
p17 72 0.113994 0.5 2.48582e-06 48 0.0790657 0.5 5.69096e-05 24.4069
0.5 0 14 0.5 2.79557e-06 48 0.5 0.00119628 76.1912 0 0 1.21147 16 328.195
8.20496 50 23.8033 2.01657 1.70938 81.6216 40.6739 0 0 14 322.813 6.1712
50 21.6393 2.02767 2.07124 0.365663 0.243321 0.0425614 2.7186e-06 48.0201
0.512857 0.206671 8.15517 0.982617 451.057 862.785 1.09796 3595.69
0.94938 0.5 0 67 65 60 84 50 67 4997.48 0.989851 0.505829 0 0.989634
0 0 0 0 0 0 0 0 0 0 0 0 0 0 0 0 0 0 0 0 0 0 0 0;
p27 72 0.113994 0.5 2.48582e-06 48 0.0790657 0.5 5.69096e-05 24.4069
0.5 0 14 0.5 2.79557e-06 48 0.5 0.00119628 76.1912 0 0 1.21147 16 328.195
8.20496 50 23.8033 2.01657 1.70938 81.6216 40.6739 0 0 14 322.813 6.1712
50 21.6393 2.02767 2.07124 0.365663 0.243321 0.0425614 2.7186e-06 48.0201
0.512857 0.206671 8.15517 0.982617 451.057 862.785 1.09796 3595.69
0.94938 0.5 0 67 65 60 84 50 67 4997.48 0.989851 0.505829 0 0.989634
0 0 0 0 0 0 0 0 0 0 0 0 0 0 0 0 0 0 0 0 0 0 0 0;
p37 72 0.113994 0.5 2.48582e-06 48 0.0790657 0.5 5.69096e-05 24.4069
0.5 0 14 0.5 2.79557e-06 48 0.5 0.00119628 76.1912 0 0 1.21147 16 328.195
8.20496 50 23.8033 2.01657 1.70938 81.6216 40.6739 0 0 14 322.813 6.1712
50 21.6393 2.02767 2.07124 0.365663 0.243321 0.0425614 2.7186e-06 48.0201
0.512857 0.206671 8.15517 0.982617 451.057 862.785 1.09796 3595.69
0.94938 0.5 0 67 65 60 84 50 67 4997.48 0.989851 0.505829 0 0.989634
0 0 0 0 0 0 0 0 0 0 0 0 0 0 0 0 0 0 0 0 0 0 0 0;
p47 72 0.113994 0.5 2.48582e-06 48 0.0790657 0.5 5.69096e-05 24.4069
0.5 0 14 0.5 2.79557e-06 48 0.5 0.00119628 76.1912 0 0 1.21147 16 328.195
8.20496 50 23.8033 2.01657 1.70938 81.6216 40.6739 0 0 14 322.813 6.1712
50 21.6393 2.02767 2.07124 0.365663 0.243321 0.0425614 2.7186e-06 48.0201
0.512857 0.206671 8.15517 0.982617 451.057 862.785 1.09796 3595.69
0.94938 0.5 0 67 65 60 84 50 67 4997.48 0.989851 0.505829 0 0.989634
0 0 0 0 0 0 0 0 0 0 0 0 0 0 0 0 0 0 0 0 0 0 0 0;
p57 72 0.113994 0.5 2.48582e-06 48 0.0790657 0.5 5.69096e-05 24.4069
0.5 0 14 0.5 2.79557e-06 48 0.5 0.00119628 76.1912 0 0 1.21147 16 328.195
8.20496 50 23.8033 2.01657 1.70938 81.6216 40.6739 0 0 14 322.813 6.1712
50 21.6393 2.02767 2.07124 0.365663 0.243321 0.0425614 2.7186e-06 48.0201
0.512857 0.206671 8.15517 0.982617 451.057 862.785 1.09796 3595.69
0.94938 0.5 0 67 65 60 84 50 67 4997.48 0.989851 0.505829 0 0.989634
0 0 0 0 0 0 0 0 0 0 0 0 0 0 0 0 0 0 0 0 0 0 0 0;
p56 72 0.113994 0.5 2.48582e-06 48 0.0790657 0.5 5.69096e-05 24.4069
0.5 0 14 0.5 2.79557e-06 48 0.5 0.00119628 76.1912 0 0 1.21147 16 328.195
8.20496 50 23.8033 2.01657 1.70938 81.6216 40.6739 0 0 14 322.813 6.1712
50 21.6393 2.02767 2.07124 0.365663 0.243321 0.0425614 2.7186e-06 48.0201
0.512857 0.206671 8.15517 0.982617 451.057 862.785 1.09796 3595.69
0.94938 0.5 0 67 65 60 84 50 67 4997.48 0.989851 0.505829 0 0.989634
0 0 0 0 0 0 0 0 0 0 0 0 0 0 0 0 0 0 0 0 0 0 0 0;
p46 72 0.113994 0.5 2.48582e-06 48 0.0790657 0.5 5.69096e-05 24.4069
0.5 0 14 0.5 2.79557e-06 48 0.5 0.00119628 76.1912 0 0 1.21147 16 328.195
8.20496 50 23.8033 2.01657 1.70938 81.6216 40.6739 0 0 14 322.813 6.1712
50 21.6393 2.02767 2.07124 0.365663 0.243321 0.0425614 2.7186e-06 48.0201
0.512857 0.206671 8.15517 0.982617 451.057 862.785 1.09796 3595.69
0.94938 0.5 0 67 65 60 84 50 67 4997.48 0.989851 0.505829 0 0.989634
0 0 0 0 0 0 0 0 0 0 0 0 0 0 0 0 0 0 0 0 0 0 0 0;
p36 72 0.113994 0.5 2.48582e-06 48 0.0790657 0.5 5.69096e-05 24.4069
0.5 0 14 0.5 2.79557e-06 48 0.5 0.00119628 76.1912 0 0 1.21147 16 328.195
8.20496 50 23.8033 2.01657 1.70938 81.6216 40.6739 0 0 14 322.813 6.1712
50 21.6393 2.02767 2.07124 0.365663 0.243321 0.0425614 2.7186e-06 48.0201
0.512857 0.206671 8.15517 0.982617 451.057 862.785 1.09796 3595.69
0.94938 0.5 0 67 65 60 84 50 67 4997.48 0.989851 0.505829 0 0.989634
0 0 0 0 0 0 0 0 0 0 0 0 0 0 0 0 0 0 0 0 0 0 0 0;
p26 72 0.113994 0.5 2.48582e-06 48 0.0790657 0.5 5.69096e-05 24.4069
0.5 0 14 0.5 2.79557e-06 48 0.5 0.00119628 76.1912 0 0 1.21147 16 328.195
8.20496 50 23.8033 2.01657 1.70938 81.6216 40.6739 0 0 14 322.813 6.1712
50 21.6393 2.02767 2.07124 0.365663 0.243321 0.0425614 2.7186e-06 48.0201
0.512857 0.206671 8.15517 0.982617 451.057 862.785 1.09796 3595.69
0.94938 0.5 0 67 65 60 84 50 67 4997.48 0.989851 0.505829 0 0.989634
0 0 0 0 0 0 0 0 0 0 0 0 0 0 0 0 0 0 0 0 0 0 0 0;
p16 72 0.113994 0.5 2.48582e-06 48 0.0790657 0.5 5.69096e-05 24.4069
0.5 0 14 0.5 2.79557e-06 48 0.5 0.00119628 76.1912 0 0 1.21147 16 328.195
8.20496 50 23.8033 2.01657 1.70938 81.6216 40.6739 0 0 14 322.813 6.1712
50 21.6393 2.02767 2.07124 0.365663 0.243321 0.0425614 2.7186e-06 48.0201
0.512857 0.206671 8.15517 0.982617 451.057 862.785 1.09796 3595.69
0.94938 0.5 0 67 65 60 84 50 67 4997.48 0.989851 0.505829 0 0.989634
0 0 0 0 0 0 0 0 0 0 0 0 0 0 0 0 0 0 0 0 0 0 0 0;
p15 72 0.113994 0.5 2.48582e-06 48 0.0790657 0.5 5.69096e-05 24.4069
0.5 0 14 0.5 2.79557e-06 48 0.5 0.00119628 76.1912 0 0 1.21147 16 328.195
8.20496 50 23.8033 2.01657 1.70938 81.6216 40.6739 0 0 14 322.813 6.1712
50 21.6393 2.02767 2.07124 0.365663 0.243321 0.0425614 2.7186e-06 48.0201
0.512857 0.206671 8.15517 0.982617 451.057 862.785 1.09796 3595.69
0.94938 0.5 0 67 65 60 84 50 67 4997.48 0.989851 0.505829 0 0.989634
0 0 0 0 0 0 0 0 0 0 0 0 0 0 0 0 0 0 0 0 0 0 0 0;
p25 72 0.113994 0.5 2.48582e-06 48 0.0790657 0.5 5.69096e-05 24.4069
0.5 0 14 0.5 2.79557e-06 48 0.5 0.00119628 76.1912 0 0 1.21147 16 328.195
8.20496 50 23.8033 2.01657 1.70938 81.6216 40.6739 0 0 14 322.813 6.1712
50 21.6393 2.02767 2.07124 0.365663 0.243321 0.0425614 2.7186e-06 48.0201
0.512857 0.206671 8.15517 0.982617 451.057 862.785 1.09796 3595.69
0.94938 0.5 0 67 65 60 84 50 67 4997.48 0.989851 0.505829 0 0.989634
0 0 0 0 0 0 0 0 0 0 0 0 0 0 0 0 0 0 0 0 0 0 0 0;
p35 72 0.113994 0.5 2.48582e-06 48 0.0790657 0.5 5.69096e-05 24.4069
0.5 0 14 0.5 2.79557e-06 48 0.5 0.00119628 76.1912 0 0 1.21147 16 328.195
8.20496 50 23.8033 2.01657 1.70938 81.6216 40.6739 0 0 14 322.813 6.1712
50 21.6393 2.02767 2.07124 0.365663 0.243321 0.0425614 2.7186e-06 48.0201
0.512857 0.206671 8.15517 0.982617 451.057 862.785 1.09796 3595.69
0.94938 0.5 0 67 65 60 84 50 67 4997.48 0.989851 0.505829 0 0.989634
0 0 0 0 0 0 0 0 0 0 0 0 0 0 0 0 0 0 0 0 0 0 0 0;
p45 72 0.113994 0.5 2.48582e-06 48 0.0790657 0.5 5.69096e-05 24.4069
0.5 0 14 0.5 2.79557e-06 48 0.5 0.00119628 76.1912 0 0 1.21147 16 328.195
8.20496 50 23.8033 2.01657 1.70938 81.6216 40.6739 0 0 14 322.813 6.1712
50 21.6393 2.02767 2.07124 0.365663 0.243321 0.0425614 2.7186e-06 48.0201
0.512857 0.206671 8.15517 0.982617 451.057 862.785 1.09796 3595.69
0.94938 0.5 0 67 65 60 84 50 67 4997.48 0.989851 0.505829 0 0.989634
0 0 0 0 0 0 0 0 0 0 0 0 0 0 0 0 0 0 0 0 0 0 0 0;
p55 72 0.113994 0.5 2.48582e-06 48 0.0790657 0.5 5.69096e-05 24.4069
0.5 0 14 0.5 2.79557e-06 48 0.5 0.00119628 76.1912 0 0 1.21147 16 328.195
8.20496 50 23.8033 2.01657 1.70938 81.6216 40.6739 0 0 14 322.813 6.1712
50 21.6393 2.02767 2.07124 0.365663 0.243321 0.0425614 2.7186e-06 48.0201
0.512857 0.206671 8.15517 0.982617 451.057 862.785 1.09796 3595.69
0.94938 0.5 0 67 65 60 84 50 67 4997.48 0.989851 0.505829 0 0.989634
0 0 0 0 0 0 0 0 0 0 0 0 0 0 0 0 0 0 0 0 0 0 0 0;
p54 72 0.113994 0.5 2.48582e-06 48 0.0790657 0.5 5.69096e-05 24.4069
0.5 0 14 0.5 2.79557e-06 48 0.5 0.00119628 76.1912 0 0 1.21147 16 328.195
8.20496 50 23.8033 2.01657 1.70938 81.6216 40.6739 0 0 14 322.813 6.1712
50 21.6393 2.02767 2.07124 0.365663 0.243321 0.0425614 2.7186e-06 48.0201
0.512857 0.206671 8.15517 0.982617 451.057 862.785 1.09796 3595.69
0.94938 0.5 0 67 65 60 84 50 67 4997.48 0.989851 0.505829 0 0.989634
0 0 0 0 0 0 0 0 0 0 0 0 0 0 0 0 0 0 0 0 0 0 0 0;
p44 72 0.113994 0.5 2.48582e-06 48 0.0790657 0.5 5.69096e-05 24.4069
0.5 0 14 0.5 2.79557e-06 48 0.5 0.00119628 76.1912 0 0 1.21147 16 328.195
8.20496 50 23.8033 2.01657 1.70938 81.6216 40.6739 0 0 14 322.813 6.1712
50 21.6393 2.02767 2.07124 0.365663 0.243321 0.0425614 2.7186e-06 48.0201
0.512857 0.206671 8.15517 0.982617 451.057 862.785 1.09796 3595.69
0.94938 0.5 0 67 65 60 84 50 67 4997.48 0.989851 0.505829 0 0.989634
0 0 0 0 0 0 0 0 0 0 0 0 0 0 0 0 0 0 0 0 0 0 0 0;
p24 72 0.113994 0.5 2.48582e-06 48 0.0790657 0.5 5.69096e-05 24.4069
0.5 0 14 0.5 2.79557e-06 48 0.5 0.00119628 76.1912 0 0 1.21147 16 328.195
8.20496 50 23.8033 2.01657 1.70938 81.6216 40.6739 0 0 14 322.813 6.1712
50 21.6393 2.02767 2.07124 0.365663 0.243321 0.0425614 2.7186e-06 48.0201
0.512857 0.206671 8.15517 0.982617 451.057 862.785 1.09796 3595.69
0.94938 0.5 0 67 65 60 84 50 67 4997.48 0.989851 0.505829 0 0.989634
0 0 0 0 0 0 0 0 0 0 0 0 0 0 0 0 0 0 0 0 0 0 0 0;
p14 72 0.113994 0.5 2.48582e-06 48 0.0790657 0.5 5.69096e-05 24.4069
0.5 0 14 0.5 2.79557e-06 48 0.5 0.00119628 76.1912 0 0 1.21147 16 328.195
8.20496 50 23.8033 2.01657 1.70938 81.6216 40.6739 0 0 14 322.813 6.1712
50 21.6393 2.02767 2.07124 0.365663 0.243321 0.0425614 2.7186e-06 48.0201
0.512857 0.206671 8.15517 0.982617 451.057 862.785 1.09796 3595.69
0.94938 0.5 0 67 65 60 84 50 67 4997.48 0.989851 0.505829 0 0.989634
0 0 0 0 0 0 0 0 0 0 0 0 0 0 0 0 0 0 0 0 0 0 0 0;
p13 72 0.113994 0.5 2.48582e-06 48 0.0790657 0.5 5.69096e-05 24.4069
0.5 0 14 0.5 2.79557e-06 48 0.5 0.00119628 76.1912 0 0 1.21147 16 328.195
8.20496 50 23.8033 2.01657 1.70938 81.6216 40.6739 0 0 14 322.813 6.1712
50 21.6393 2.02767 2.07124 0.365663 0.243321 0.0425614 2.7186e-06 48.0201
0.512857 0.206671 8.15517 0.982617 451.057 862.785 1.09796 3595.69
0.94938 0.5 0 67 65 60 84 50 67 4997.48 0.989851 0.505829 0 0.989634
0 0 0 0 0 0 0 0 0 0 0 0 0 0 0 0 0 0 0 0 0 0 0 0;
p23 72 0.113994 0.5 2.48582e-06 48 0.0790657 0.5 5.69096e-05 24.4069
0.5 0 14 0.5 2.79557e-06 48 0.5 0.00119628 76.1912 0 0 1.21147 16 328.195
8.20496 50 23.8033 2.01657 1.70938 81.6216 40.6739 0 0 14 322.813 6.1712
50 21.6393 2.02767 2.07124 0.365663 0.243321 0.0425614 2.7186e-06 48.0201
0.512857 0.206671 8.15517 0.982617 451.057 862.785 1.09796 3595.69
0.94938 0.5 0 67 65 60 84 50 67 4997.48 0.989851 0.505829 0 0.989634
0 0 0 0 0 0 0 0 0 0 0 0 0 0 0 0 0 0 0 0 0 0 0 0;
p33 72 0.113994 0.5 2.48582e-06 48 0.0790657 0.5 5.69096e-05 24.4069
0.5 0 14 0.5 2.79557e-06 48 0.5 0.00119628 76.1912 0 0 1.21147 16 328.195
8.20496 50 23.8033 2.01657 1.70938 81.6216 40.6739 0 0 14 322.813 6.1712
50 21.6393 2.02767 2.07124 0.365663 0.243321 0.0425614 2.7186e-06 48.0201
0.512857 0.206671 8.15517 0.982617 451.057 862.785 1.09796 3595.69
0.94938 0.5 0 67 65 60 84 50 67 4997.48 0.989851 0.505829 0 0.989634
0 0 0 0 0 0 0 0 0 0 0 0 0 0 0 0 0 0 0 0 0 0 0 0;
p43 72 0.113994 0.5 2.48582e-06 48 0.0790657 0.5 5.69096e-05 24.4069
0.5 0 14 0.5 2.79557e-06 48 0.5 0.00119628 76.1912 0 0 1.21147 16 328.195
8.20496 50 23.8033 2.01657 1.70938 81.6216 40.6739 0 0 14 322.813 6.1712
50 21.6393 2.02767 2.07124 0.365663 0.243321 0.0425614 2.7186e-06 48.0201
0.512857 0.206671 8.15517 0.982617 451.057 862.785 1.09796 3595.69
0.94938 0.5 0 67 65 60 84 50 67 4997.48 0.989851 0.505829 0 0.989634
0 0 0 0 0 0 0 0 0 0 0 0 0 0 0 0 0 0 0 0 0 0 0 0;
p53 72 0.113994 0.5 2.48582e-06 48 0.0790657 0.5 5.69096e-05 24.4069
0.5 0 14 0.5 2.79557e-06 48 0.5 0.00119628 76.1912 0 0 1.21147 16 328.195
8.20496 50 23.8033 2.01657 1.70938 81.6216 40.6739 0 0 14 322.813 6.1712
50 21.6393 2.02767 2.07124 0.365663 0.243321 0.0425614 2.7186e-06 48.0201
0.512857 0.206671 8.15517 0.982617 451.057 862.785 1.09796 3595.69
0.94938 0.5 0 67 65 60 84 50 67 4997.48 0.989851 0.505829 0 0.989634
0 0 0 0 0 0 0 0 0 0 0 0 0 0 0 0 0 0 0 0 0 0 0 0;
p52 72 0.113994 0.5 2.48582e-06 48 0.0790657 0.5 5.69096e-05 24.4069
0.5 0 14 0.5 2.79557e-06 48 0.5 0.00119628 76.1912 0 0 1.21147 16 328.195
8.20496 50 23.8033 2.01657 1.70938 81.6216 40.6739 0 0 14 322.813 6.1712
50 21.6393 2.02767 2.07124 0.365663 0.243321 0.0425614 2.7186e-06 48.0201
0.512857 0.206671 8.15517 0.982617 451.057 862.785 1.09796 3595.69
0.94938 0.5 0 67 65 60 84 50 67 4997.48 0.989851 0.505829 0 0.989634
0 0 0 0 0 0 0 0 0 0 0 0 0 0 0 0 0 0 0 0 0 0 0 0;
p51 72 0.113994 0.5 2.48582e-06 48 0.0790657 0.5 5.69096e-05 24.4069
0.5 0 14 0.5 2.79557e-06 48 0.5 0.00119628 76.1912 0 0 1.21147 16 328.195
8.20496 50 23.8033 2.01657 1.70938 81.6216 40.6739 0 0 14 322.813 6.1712
50 21.6393 2.02767 2.07124 0.365663 0.243321 0.0425614 2.7186e-06 48.0201
0.512857 0.206671 8.15517 0.982617 451.057 862.785 1.09796 3595.69
0.94938 0.5 0 67 65 60 84 50 67 4997.48 0.989851 0.505829 0 0.989634
0 0 0 0 0 0 0 0 0 0 0 0 0 0 0 0 0 0 0 0 0 0 0 0;
p42 72 0.113994 0.5 2.48582e-06 48 0.0790657 0.5 5.69096e-05 24.4069
0.5 0 14 0.5 2.79557e-06 48 0.5 0.00119628 76.1912 0 0 1.21147 16 328.195
8.20496 50 23.8033 2.01657 1.70938 81.6216 40.6739 0 0 14 322.813 6.1712
50 21.6393 2.02767 2.07124 0.365663 0.243321 0.0425614 2.7186e-06 48.0201
0.512857 0.206671 8.15517 0.982617 451.057 862.785 1.09796 3595.69
0.94938 0.5 0 67 65 60 84 50 67 4997.48 0.989851 0.505829 0 0.989634
0 0 0 0 0 0 0 0 0 0 0 0 0 0 0 0 0 0 0 0 0 0 0 0;
p41 72 0.113994 0.5 2.48582e-06 48 0.0790657 0.5 5.69096e-05 24.4069
0.5 0 14 0.5 2.79557e-06 48 0.5 0.00119628 76.1912 0 0 1.21147 16 328.195
8.20496 50 23.8033 2.01657 1.70938 81.6216 40.6739 0 0 14 322.813 6.1712
50 21.6393 2.02767 2.07124 0.365663 0.243321 0.0425614 2.7186e-06 48.0201
0.512857 0.206671 8.15517 0.982617 451.057 862.785 1.09796 3595.69
0.94938 0.5 0 67 65 60 84 50 67 4997.48 0.989851 0.505829 0 0.989634
0 0 0 0 0 0 0 0 0 0 0 0 0 0 0 0 0 0 0 0 0 0 0 0;
p32 72 0.113994 0.5 2.48582e-06 48 0.0790657 0.5 5.69096e-05 9 0.5
3.13668e-06 14 0.5 2.79557e-06 48 0.5 0.00119628 76.1912 0 0 1.21147
16 328.195 8.20496 50 23.8033 2.01657 1.70938 81.6216 40.6739 0 0 14
322.813 6.1712 50 21.6393 2.02767 2.07124 0.365663 0.243321 0.0425614
2.7186e-06 48.0201 0.512857 0.206671 8.15517 0.982617 451.057 862.785
1.09796 3595.69 0.94938 0.5 0 67 65 60 84 50 67 4997.48 0.989851 0.505829
0 0.989634 0 0 0 0 0 0 0 0 0 0 0 0 0 0 0 0 0 0 0 0 0 0 0 0;
p31 72 0.113994 0.5 2.48582e-06 48 0.0790657 0.5 5.69096e-05 9 0.5
3.13668e-06 14 0.5 2.79557e-06 48 0.5 0.00119628 76.1912 0 0 1.21147
16 328.195 8.20496 50 23.8033 2.01657 1.70938 81.6216 40.6739 0 0 14
322.813 6.1712 50 21.6393 2.02767 2.07124 0.365663 0.243321 0.0425614
2.7186e-06 48.0201 0.512857 0.206671 8.15517 0.982617 451.057 862.785
1.09796 3595.69 0.94938 0.5 0 67 65 60 84 50 67 4997.48 0.989851 0.505829
0 0.989634 0 0 0 0 0 0 0 0 0 0 0 0 0 0 0 0 0 0 0 0 0 0 0 0;
p22 72 0.113994 0.5 2.48582e-06 48 0.0790657 0.5 5.69096e-05 124 0.5
0.623753 14 0.5 2.79557e-06 48 0.5 0.00119628 76.1912 0 0 1.21147 16
328.195 8.20496 50 23.8033 2.01657 1.70938 81.6216 40.6739 0 0 14 322.813
6.1712 50 21.6393 2.02767 2.07124 0.365663 0.243321 0.0425614 2.7186e-06
48.0201 0.512857 0.206671 8.15517 0.982617 451.057 862.785 1.09796
3661.5 0.94938 0.5 0 67 65 60 84 50 67 4997.48 0.989851 0.505829 0
0.989634 0 0 0 0 0 0 0 0 0 0 0 0 0 0 0 0 0 0 0 0 0 0 0 0;
p21 72 0.113994 0.5 2.48582e-06 48 0.0790657 0.5 5.69096e-05 124 0.5
0.623753 14 0.5 2.79557e-06 48 0.5 0.00119628 76.1912 0 0 1.21147 16
328.195 8.20496 50 23.8033 2.01657 1.70938 81.6216 40.6739 0 0 14 322.813
6.1712 50 21.6393 2.02767 2.07124 0.365663 0.243321 0.0425614 2.7186e-06
48.0201 0.512857 0.206671 8.15517 0.982617 451.057 862.785 1.09796
3661.5 0.94938 0.5 0 67 65 60 84 50 67 4997.48 0.989851 0.505829 0
0.989634 0 0 0 0 0 0 0 0 0 0 0 0 0 0 0 0 0 0 0 0 0 0 0 0;
p12 72 0.113994 0.5 2.48582e-06 48 0.0790657 0.5 5.69096e-05 124 0.5
0 14 0.5 2.79557e-06 48 0.5 0.00119628 76.1912 0 0 1.21147 16 328.195
8.20496 50 23.8033 2.01657 1.70938 81.6216 40.6739 0 0 14 322.813 6.1712
50 21.6393 2.02767 2.07124 0.365663 0.243321 0.0425614 2.7186e-06 48.0201
0.512857 0.206671 8.15517 0.982617 451.057 862.785 1.09796 3661.5 0.94938
0.5 0 67 65 60 84 50 67 4997.48 0.989851 0.505829 0 0.989634 0 0 0
0 0 0 0 0 0 0 0 0 0 0 0 0 0 0 0 0 0 0 0 0;
p11 72 0.113994 0.5 2.48582e-06 48 0.0790657 0.5 5.69096e-05 124 0.5
0 14 0.5 2.79557e-06 48 0.5 0.00119628 76.1912 0 0 1.21147 16 328.195
8.20496 50 23.8033 2.01657 1.70938 81.6216 40.6739 0 0 14 322.813 6.1712
50 21.6393 2.02767 2.07124 0.365663 0.243321 0.0425614 2.7186e-06 48.0201
0.512857 0.206671 8.15517 0.982617 451.057 862.785 1.09796 3661.5 0.94938
0.5 0 67 65 60 84 50 67 4997.48 0.989851 0.505829 0 0.989634 0 0 0
0 0 0 0 0 0 0 0 0 0 0 0 0 0 0 0 0 0 0 0 0;
glide 29.0631;
color-cp17 -2.89567e+06;
color-cp16 -2.89567e+06;
color-cp15 -2.89567e+06;
color-cp14 -2.89567e+06;
color-cp13 -2.89567e+06;
color-cp12 -1.98227e+06;
color-cp11 -1.98227e+06;
color-cp37 -2.89567e+06;
color-cp36 -2.89567e+06;
color-cp35 -2.89567e+06;
color-cp34 -2.89567e+06;
color-cp33 -2.89567e+06;
color-cp32 -2.9054e+06;
color-cp31 -2.9054e+06;
color-cp57 -2.89567e+06;
color-cp56 -2.89567e+06;
color-cp55 -2.89567e+06;
color-cp54 -2.89567e+06;
color-cp53 -2.89567e+06;
color-cp52 -2.89567e+06;
color-cp51 -2.89567e+06;
color-cp41 -2.89567e+06;
color-cp42 -2.89567e+06;
color-cp43 -2.89567e+06;
color-cp44 -2.89567e+06;
color-cp45 -2.89567e+06;
color-cp46 -2.89567e+06;
color-cp47 -2.89567e+06;
color-cp21 -4.35846e+06;
color-cp22 -4.35846e+06;
color-cp23 -2.89567e+06;
color-cp24 -2.89567e+06;
color-cp25 -2.89567e+06;
color-cp26 -2.89567e+06;
color-cp27 -2.89567e+06;
preset_name INIT;
LFO-ctrl-2 0;
LFO-waveform-2 0;
LFO-am-fm-phase-2 0;
LFO-ctrl-3 0;
LFO-waveform-3 0;
LFO-am-fm-phase-3 0;
granulate-sample-2 bells_1.wav;
granulate-start-2 0;
granulate-ctrl-2 1;
granulate-sample-1 Sony_photo_camera.L.wav;
granulate-start-1 1;
granulate-ctrl-1 1;
gens-ctl-1 1;
gens-waveform-1 0;
LFO-ctrl-1 0;
LFO-waveform-1 0;
LFO-am-fm-phase-1 0;
FM-invertt-5 0;
lfo-FM-amt-5 67.4949;
lfo-FM-5 0;
lfo-AM-5 0;
lfo-route-dest-5 0;
lfo-FM-amt-4 90.9156;
FM-invertt-4 0;
lfo-FM-4 0;
lfo-AM-4 0;
lfo-route-dest-4 0;
main-adsr 0 0 0 0 0;
adsr-amp-ctrl 0;
main-adsr-mode 1;
adsr-2 0 0 0 0 0;
adsr-2-ctrl 0;
adsr-1 0 0 0 0 0;
adsr-1-ctrl 0;
lfo-FM-3 0;
lfo-AM-3 0;
lfo-route-dest-3 0;
lfo-FM-2 0;
lfo-AM-2 0;
lfo-route-dest-2 0;
aniosc-ctl-1 1;
aniosc-wave-1 15;
delay-ctrl 1;
reso-lvl-ctrl 1;
reso-pitch-ctrl 1;
crush-ctrl 1;
extreme-drive 0;
drive-ctrl 1;
filter-ctrl 1;
lfo-FM-1 0;
lfo-AM-1 0;
lfo-route-dest-1 0;
main-mix-ctrl 1;
