p34 44 8.65602 0.5 0.972933 48 11.9063 0.5 0.847617 48 0.5 0.374741
61 0.5 0.847276 59 0.5 0.758582 100 367 -8.57099 0 5 792.296 176 50
86.1514 2.06452 4.98944 87.0245 276.45 -4.08937 20.299 28 49.6337 129.755
50 35 1.45394 5.05956 0.291339 0.862165 0 0 65.0937 5.99887 1 8.58976
0.576179 0.14574 912.931 1.12205 15.0221 0 70.8962 0 61.9386 95.1509
154.245 137.198 3333.7 0.829255 0.5 0 0.817961 0 0.244094 0 1.71371
26.6595 0 1.71371 26.6595 0 0 26.6595 0.814288 0.850001 0.385713 0.364285
0.364285 0.399999 0.521428 0.521428 0.385713 0.436508 0.391352 0.362071
0.521675 0.664595 0.55191;
p17 41 8.65602 0.5 0.00962404 48 11.9063 0.5 0 48 0.5 0 48 0.5 0 48
0.5 0 100 367 -8.84686 0 5 808.096 176 50 81.6124 2.06452 5.76973 54.805
269.715 -4.77372 18.1028 28 68.1393 149.668 50 35 1.60272 2.34129 30.6157
0.862165 0.668919 0 91.8631 5.99887 1 8.58976 0.773684 0.14574 912.931
1.12205 20 0 70.8962 0 61.9386 95.1509 154.245 137.198 3333.7 0.829255
0.5 0 0.817961 0 0.244094 0 1.71371 26.6595 0 1.71371 26.6595 0 0 26.6595
0.814288 0.850001 0.385713 0.364285 0.364285 0.399999 0.521428 0.521428
0.385713 0.436508 0.391352 0.362071 0.521675 0.664595 0.55191;
p27 41 8.65602 0.5 0.00962404 48 11.9063 0.5 0 48 0.5 0 48 0.5 0 48
0.5 0 100 367 -8.84686 0 5 808.096 176 50 81.6124 2.06452 5.76973 54.805
269.715 -4.77372 18.1028 28 68.1393 149.668 50 35 1.60272 2.34129 30.6157
0.862165 0.668919 0 91.8631 5.99887 1 8.58976 0.773684 0.14574 912.931
1.12205 20 0 70.8962 0 61.9386 95.1509 154.245 137.198 3333.7 0.829255
0.5 0 0.817961 0 0.244094 0 1.71371 26.6595 0 1.71371 26.6595 0 0 26.6595
0.814288 0.850001 0.385713 0.364285 0.364285 0.399999 0.521428 0.521428
0.385713 0.436508 0.391352 0.362071 0.521675 0.664595 0.55191;
p37 48 8.65602 0.5 0 48 11.9063 0.5 0 48 0.5 0 48 0.5 0 48 0.5 0 100
367 -10.8581 0 6 852 176 50 69 2.06452 4.95507 100 251 -11 12 30 114
205 50 35 2.01613 10 0.291339 0.862165 0 0 0.185002 5.99887 1 8.58976
0 0.14574 912.931 1.12205 0.5 0 70.8962 0 61.9386 95.1509 154.245 137.198
3333.7 0.829255 0.5 0 0.817961 0 0.244094 0 0 0 0 0 0 0 0 0 0.814288
0.850001 0.385713 0.364285 0.364285 0.399999 0.521428 0.521428 0.385713
0.436508 0.423731 0.453935 0.461283 0.47892;
p47 41 8.65602 0.5 0.00962404 48 11.9063 0.5 0 48 0.5 0 48 0.5 0 48
0.5 0 100 367 -8.84686 0 5 808.096 176 50 81.6124 2.06452 5.76973 54.805
269.715 -4.77372 18.1028 28 68.1393 149.668 50 35 1.60272 2.34129 30.6157
0.862165 0.668919 0 91.8631 5.99887 1 8.58976 0.773684 497.134 423.895
1.12205 3893.73 1.23331 70.8962 0.999998 61.9386 95.1509 154.245 137.198
3333.7 0.829255 0.5 0 0.817961 0 0.244094 0 1.71371 26.6595 0 1.71371
26.6595 0 0 26.6595 0.814288 0.850001 0.385713 0.364285 0.364285 0.399999
0.521428 0.521428 0.385713 0.436508 0.391352 0.362071 0.521675 0.664595
0.55191;
p57 41 8.65602 0.5 0.00962404 48 11.9063 0.5 0 48 0.5 0 48 0.5 0 48
0.5 0 100 367 -8.84686 0 5 808.096 176 50 81.6124 2.06452 5.76973 54.805
269.715 -4.77372 18.1028 28 68.1393 149.668 50 35 1.60272 2.34129 30.6157
0.862165 0.668919 0 91.8631 5.99887 1 8.58976 0.773684 497.134 423.895
1.12205 3893.73 1.23331 70.8962 0.999998 61.9386 95.1509 154.245 137.198
3333.7 0.829255 0.5 0 0.817961 0 0.244094 0 1.71371 26.6595 0 1.71371
26.6595 0 0 26.6595 0.814288 0.850001 0.385713 0.364285 0.364285 0.399999
0.521428 0.521428 0.385713 0.436508 0.391352 0.362071 0.521675 0.664595
0.55191;
p56 41 8.65602 0.5 0.00962404 48 11.9063 0.5 0 48 0.5 0 48 0.5 0 48
0.5 0 100 367 -8.84686 0 5 808.096 176 50 81.6124 2.06452 5.76973 54.805
269.715 -4.77372 18.1028 28 68.1393 149.668 50 35 1.60272 2.34129 30.6157
0.862165 0.668919 0 91.8631 5.99887 1 8.58976 0.773684 497.134 423.895
1.12205 3893.73 1.23331 70.8962 0.999998 61.9386 95.1509 154.245 137.198
3333.7 0.829255 0.5 0 0.817961 0 0.244094 0 1.71371 26.6595 0 1.71371
26.6595 0 0 26.6595 0.814288 0.850001 0.385713 0.364285 0.364285 0.399999
0.521428 0.521428 0.385713 0.436508 0.391352 0.362071 0.521675 0.664595
0.55191;
p46 41 8.65602 0.5 0.00962404 48 11.9063 0.5 0 48 0.5 0 48 0.5 0 48
0.5 0 100 367 -8.84686 0 5 808.096 176 50 81.6124 2.06452 5.76973 54.805
269.715 -4.77372 18.1028 28 68.1393 149.668 50 35 1.60272 2.34129 30.6157
0.862165 0.668919 0 91.8631 5.99887 1 8.58976 0.773684 497.134 423.895
1.12205 3893.73 1.23331 70.8962 0.999998 61.9386 95.1509 154.245 137.198
3333.7 0.829255 0.5 0 0.817961 0 0.244094 0 1.71371 26.6595 0 1.71371
26.6595 0 0 26.6595 0.814288 0.850001 0.385713 0.364285 0.364285 0.399999
0.521428 0.521428 0.385713 0.436508 0.391352 0.362071 0.521675 0.664595
0.55191;
p36 48 8.65602 0.5 0 48 11.9063 0.5 0 48 0.5 0 48 0.5 0 48 0.5 0 100
367 -10.8581 0 6 852 176 50 69 2.06452 4.95507 100 251 -11 12 30 114
205 50 35 2.01613 10 0.291339 0.862165 0 0 0.185002 5.99887 1 8.58976
0 0.14574 912.931 1.12205 0.5 0 70.8962 0 61.9386 95.1509 154.245 137.198
3333.7 0.829255 0.5 0 0.817961 0 0.244094 0 0 0 0 0 0 0 0 0 0.814288
0.850001 0.385713 0.364285 0.364285 0.399999 0.521428 0.521428 0.385713
0.436508 0.423731 0.453935 0.461283 0.47892;
p26 41 8.65602 0.5 0.00962404 48 11.9063 0.5 0 48 0.5 0 48 0.5 0 48
0.5 0 100 367 -8.84686 0 5 808.096 176 50 81.6124 2.06452 5.76973 54.805
269.715 -4.77372 18.1028 28 68.1393 149.668 50 35 1.60272 2.34129 30.6157
0.862165 0.668919 0 91.8631 5.99887 1 8.58976 0.773684 0.14574 912.931
1.12205 20 0 70.8962 0 61.9386 95.1509 154.245 137.198 3333.7 0.829255
0.5 0 0.817961 0 0.244094 0 1.71371 26.6595 0 1.71371 26.6595 0 0 26.6595
0.814288 0.850001 0.385713 0.364285 0.364285 0.399999 0.521428 0.521428
0.385713 0.436508 0.391352 0.362071 0.521675 0.664595 0.55191;
p16 41 8.65602 0.5 0.00962404 48 11.9063 0.5 0 48 0.5 0 48 0.5 0 48
0.5 0 100 367 -8.84686 0 5 808.096 176 50 81.6124 2.06452 5.76973 54.805
269.715 -4.77372 18.1028 28 68.1393 149.668 50 35 1.60272 2.34129 30.6157
0.862165 0.668919 0 91.8631 5.99887 1 8.58976 0.773684 0.14574 912.931
1.12205 20 0 70.8962 0 61.9386 95.1509 154.245 137.198 3333.7 0.829255
0.5 0 0.817961 0 0.244094 0 1.71371 26.6595 0 1.71371 26.6595 0 0 26.6595
0.814288 0.850001 0.385713 0.364285 0.364285 0.399999 0.521428 0.521428
0.385713 0.436508 0.391352 0.362071 0.521675 0.664595 0.55191;
p15 44 8.65602 0.5 0.00716722 48 11.9063 0.5 0 48 0.5 0.667198 61 0.5
0.847276 59 0.5 0.758582 100 367 -8.57099 0 5 792.296 176 50 86.1514
2.06452 4.98944 87.0245 276.45 -4.08937 20.299 28 49.6337 129.755 50
35 1.45394 5.05956 0.291339 0.862165 0 0 65.0937 5.99887 1 8.58976
0.576179 0.14574 912.931 1.12205 15.0221 0 70.8962 0 61.9386 95.1509
154.245 137.198 3333.7 0.829255 0.5 0 0.817961 0 0.244094 0 1.71371
26.6595 0 1.71371 26.6595 0 0 26.6595 0.814288 0.850001 0.385713 0.364285
0.364285 0.399999 0.521428 0.521428 0.385713 0.436508 0.391352 0.362071
0.521675 0.664595 0.55191;
p25 44 8.65602 0.5 0.00716722 48 11.9063 0.5 0 48 0.5 0.667198 61 0.5
0.847276 59 0.5 0.758582 100 367 -8.57099 0 5 792.296 176 50 86.1514
2.06452 4.98944 87.0245 276.45 -4.08937 20.299 28 49.6337 129.755 50
35 1.45394 5.05956 0.291339 0.862165 0 0 65.0937 5.99887 1 8.58976
0.576179 0.14574 912.931 1.12205 15.0221 0 70.8962 0 61.9386 95.1509
154.245 137.198 3333.7 0.829255 0.5 0 0.817961 0 0.244094 0 1.71371
26.6595 0 1.71371 26.6595 0 0 26.6595 0.814288 0.850001 0.385713 0.364285
0.364285 0.399999 0.521428 0.521428 0.385713 0.436508 0.391352 0.362071
0.521675 0.664595 0.55191;
p35 44 8.65602 0.5 0.972933 48 11.9063 0.5 0.847617 48 0.5 0.374741
61 0.5 0.847276 59 0.5 0.758582 100 367 -8.57099 0 5 792.296 176 50
86.1514 2.06452 4.98944 87.0245 276.45 -4.08937 20.299 28 49.6337 129.755
50 35 1.45394 5.05956 0.291339 0.862165 0 0 65.0937 5.99887 1 8.58976
0.576179 0.14574 912.931 1.12205 15.0221 0 70.8962 0 61.9386 95.1509
154.245 137.198 3333.7 0.829255 0.5 0 0.817961 0 0.244094 0 1.71371
26.6595 0 1.71371 26.6595 0 0 26.6595 0.814288 0.850001 0.385713 0.364285
0.364285 0.399999 0.521428 0.521428 0.385713 0.436508 0.391352 0.362071
0.521675 0.664595 0.55191;
p45 44 8.65602 0.5 0.972933 48 11.9063 0.5 0.847617 48 0.5 0.374741
61 0.5 0.847276 59 0.5 0.758582 100 367 -8.57099 0 5 792.296 176 50
86.1514 2.06452 4.98944 87.0245 276.45 -4.08937 20.299 28 49.6337 129.755
50 35 1.45394 5.05956 0.291339 0.862165 0 0 65.0937 5.99887 1 8.58976
0.576179 0.14574 912.931 1.12205 15.0221 0 70.8962 0 61.9386 95.1509
154.245 137.198 3333.7 0.829255 0.5 0 0.817961 0 0.244094 0 1.71371
26.6595 0 1.71371 26.6595 0 0 26.6595 0.814288 0.850001 0.385713 0.364285
0.364285 0.399999 0.521428 0.521428 0.385713 0.436508 0.391352 0.362071
0.521675 0.664595 0.55191;
p55 48 8.65602 0.5 0 48 11.9063 0.5 0 48 0.5 0 48 0.5 0 48 0.5 0 100
367 -10.8581 0 6 852 176 50 69 2.06452 4.95507 100 251 -11 12 30 114
205 50 35 2.01613 10 0.291339 0.862165 0 0 0.185002 5.99887 1 8.58976
0 0.14574 912.931 1.12205 0.5 0 70.8962 0 61.9386 95.1509 154.245 137.198
3333.7 0.829255 0.5 0 0.817961 0 0.244094 0 0 0 0 0 0 0 0 0 0.814288
0.850001 0.385713 0.364285 0.364285 0.399999 0.521428 0.521428 0.385713
0.436508 0.423731 0.453935 0.461283 0.47892;
p54 41 8.65602 0.5 0.00962404 48 11.9063 0.5 0 48 0.5 0 48 0.5 0 48
0.5 0 100 367 -8.84686 0 5 808.096 176 50 81.6124 2.06452 5.76973 54.805
269.715 -4.77372 18.1028 28 68.1393 149.668 50 35 1.60272 2.34129 0.291339
0.862165 0 0 95.2309 5.99887 1 8.58976 0.773684 0.14574 912.931 1.12205
20 0 70.8962 0 61.9386 95.1509 154.245 137.198 3333.7 0.829255 0.5
0 0.817961 0 0.244094 0 1.71371 26.6595 0 1.71371 26.6595 0 0 26.6595
0.814288 0.850001 0.385713 0.364285 0.364285 0.399999 0.521428 0.521428
0.385713 0.436508 0.391352 0.362071 0.521675 0.664595 0.55191;
p44 44 8.65602 0.5 0.972933 48 11.9063 0.5 0.847617 48 0.5 0.374741
61 0.5 0.847276 59 0.5 0.758582 100 367 -8.57099 0 5 792.296 176 50
86.1514 2.06452 4.98944 87.0245 276.45 -4.08937 20.299 28 49.6337 129.755
50 35 1.45394 5.05956 0.291339 0.862165 0 0 65.0937 5.99887 1 8.58976
0.576179 0.14574 912.931 1.12205 15.0221 0 70.8962 0 61.9386 95.1509
154.245 137.198 3333.7 0.829255 0.5 0 0.817961 0 0.244094 0 1.71371
26.6595 0 1.71371 26.6595 0 0 26.6595 0.814288 0.850001 0.385713 0.364285
0.364285 0.399999 0.521428 0.521428 0.385713 0.436508 0.391352 0.362071
0.521675 0.664595 0.55191;
p24 44 8.65602 0.5 0.00716722 48 11.9063 0.5 0 48 0.5 0.667198 61 0.5
0.847276 59 0.5 0.758582 100 367 -8.57099 0 5 792.296 176 50 86.1514
2.06452 4.98944 87.0245 276.45 -4.08937 20.299 28 49.6337 129.755 50
35 1.45394 5.05956 0.291339 0.862165 0 0 65.0937 5.99887 1 8.58976
0.576179 0.14574 912.931 1.12205 15.0221 0 70.8962 0 61.9386 95.1509
154.245 137.198 3333.7 0.829255 0.5 0 0.817961 0 0.244094 0 1.71371
26.6595 0 1.71371 26.6595 0 0 26.6595 0.814288 0.850001 0.385713 0.364285
0.364285 0.399999 0.521428 0.521428 0.385713 0.436508 0.391352 0.362071
0.521675 0.664595 0.55191;
p14 44 8.65602 0.5 0.00716722 48 11.9063 0.5 0 48 0.5 0.667198 61 0.5
0.847276 59 0.5 0.758582 100 367 -8.57099 0 5 792.296 176 50 86.1514
2.06452 4.98944 87.0245 276.45 -4.08937 20.299 28 49.6337 129.755 50
35 1.45394 5.05956 0.291339 0.862165 0 0 65.0937 5.99887 1 8.58976
0.576179 0.14574 912.931 1.12205 15.0221 0 70.8962 0 61.9386 95.1509
154.245 137.198 3333.7 0.829255 0.5 0 0.817961 0 0.244094 0 1.71371
26.6595 0 1.71371 26.6595 0 0 26.6595 0.814288 0.850001 0.385713 0.364285
0.364285 0.399999 0.521428 0.521428 0.385713 0.436508 0.391352 0.362071
0.521675 0.664595 0.55191;
p13 44 8.65602 0.5 0.00716722 48 11.9063 0.5 0 48 0.5 0.667198 61 0.5
0.847276 59 0.5 0.758582 100 367 -8.57099 0 5 792.296 176 50 86.1514
2.06452 4.98944 87.0245 276.45 -4.08937 20.299 28 49.6337 129.755 50
35 1.45394 5.05956 0.291339 0.862165 0 0 65.0937 5.99887 1 8.58976
0.576179 0.14574 912.931 1.12205 15.0221 0 70.8962 0 61.9386 95.1509
154.245 137.198 3333.7 0.829255 0.5 0 0.817961 0 0.244094 0 1.71371
26.6595 0 1.71371 26.6595 0 0 26.6595 0.814288 0.850001 0.385713 0.364285
0.364285 0.399999 0.521428 0.521428 0.385713 0.436508 0.391352 0.362071
0.521675 0.664595 0.55191;
p23 43 8.65602 0.5 0.457593 48 11.9063 0.5 0.39536 48 0.5 0.174793
49 0.5 0.395201 49 0.5 0.353831 100 367 -8.54542 0 5 805.962 176 50
82.0002 2.06452 4.94157 58.8642 270.291 -5.99036 18.2904 28 50.9259
147.967 50 35 1.43216 4.14563 14.246 0.901686 0.466437 0.466437 62.4664
5.99887 1 8.58976 0.572708 0.14574 912.931 1.12205 14.9346 0 70.8962
0 61.9386 95.1509 154.245 137.198 3333.7 0.829255 0.5 0 0.817961 0
0.36308 0 3.03397 171.724 0 1.71371 26.6595 0 0 26.6595 0.814288 0.850001
0.385713 0.364285 0.364285 0.399999 0.521428 0.521428 0.385713 0.436508
0.39666 0.377132 0.511775 0.634155 0.539944;
p33 43 8.65602 0.5 0.457593 48 11.9063 0.5 0.39536 48 0.5 0.174793
49 0.5 0.395201 49 0.5 0.353831 100 367 -8.54542 0 5 805.962 176 50
82.0002 2.06452 4.94157 58.8642 270.291 -5.99036 18.2904 28 50.9259
147.967 50 35 1.43216 4.14563 14.246 0.901686 0.466437 0.466437 62.4664
5.99887 1 8.58976 0.572708 0.14574 912.931 1.12205 14.9346 0 70.8962
0 61.9386 95.1509 154.245 137.198 3333.7 0.829255 0.5 0 0.817961 0
0.36308 0 3.03397 171.724 0 1.71371 26.6595 0 0 26.6595 0.814288 0.850001
0.385713 0.364285 0.364285 0.399999 0.521428 0.521428 0.385713 0.436508
0.39666 0.377132 0.511775 0.634155 0.539944;
p43 44 8.65602 0.5 0.972933 48 11.9063 0.5 0.847617 48 0.5 0.374741
61 0.5 0.847276 59 0.5 0.758582 100 367 -8.57099 0 5 792.296 176 50
86.1514 2.06452 4.98944 87.0245 276.45 -4.08937 20.299 28 49.6337 129.755
50 35 1.45394 5.05956 0.291339 0.862165 0 0 65.0937 5.99887 1 8.58976
0.576179 0.14574 912.931 1.12205 15.0221 0 70.8962 0 61.9386 95.1509
154.245 137.198 3333.7 0.829255 0.5 0 0.817961 0 0.244094 0 1.71371
26.6595 0 1.71371 26.6595 0 0 26.6595 0.814288 0.850001 0.385713 0.364285
0.364285 0.399999 0.521428 0.521428 0.385713 0.436508 0.391352 0.362071
0.521675 0.664595 0.55191;
p53 41 8.65602 0.5 0.00962404 48 11.9063 0.5 0 48 0.5 0 48 0.5 0 48
0.5 0 100 367 -8.84686 0 5 808.096 176 50 81.6124 2.06452 5.76973 54.805
269.715 -4.77372 18.1028 28 68.1393 149.668 50 35 1.60272 2.34129 0.291339
0.862165 0 0 87.3728 5.99887 1 8.58976 0.773684 0.14574 912.931 1.12205
20 0 70.8962 0 61.9386 95.1509 154.245 137.198 3333.7 0.829255 0.5
0 0.817961 0 0.244094 0 1.71371 26.6595 0 1.71371 26.6595 0 0 26.6595
0.814288 0.850001 0.385713 0.364285 0.364285 0.399999 0.521428 0.521428
0.385713 0.436508 0.391352 0.362071 0.521675 0.664595 0.55191;
p52 41 8.65602 0.5 0.00962404 48 11.9063 0.5 0 48 0.5 0 48 0.5 0 48
0.5 0 100 367 -8.84686 0 5 808.096 176 50 81.6124 2.06452 5.76973 54.805
269.715 -4.77372 18.1028 28 68.1393 149.668 50 35 1.60272 2.34129 0.291339
0.862165 0 0 87.3728 5.99887 1 8.58976 0.773684 0.14574 912.931 1.12205
20 0 70.8962 0 61.9386 95.1509 154.245 137.198 3333.7 0.829255 0.5
0 0.817961 0 0.244094 0 1.71371 26.6595 0 1.71371 26.6595 0 0 26.6595
0.814288 0.850001 0.385713 0.364285 0.364285 0.399999 0.521428 0.521428
0.385713 0.436508 0.391352 0.362071 0.521675 0.664595 0.55191;
p51 41 8.65602 0.5 0.00962404 48 11.9063 0.5 0 48 0.5 0 48 0.5 0 48
0.5 0 100 367 -8.84686 0 5 808.096 176 50 81.6124 2.06452 5.76973 54.805
269.715 -4.77372 18.1028 28 68.1393 149.668 50 35 1.60272 2.34129 0.291339
0.862165 0 0 79.1405 5.99887 1 8.58976 0.773684 0.14574 912.931 1.12205
20 0 70.8962 0 61.9386 95.1509 154.245 137.198 3333.7 0.829255 0.5
0 0.817961 0 0.244094 0 1.71371 26.6595 0 1.71371 26.6595 0 0 26.6595
0.814288 0.850001 0.385713 0.364285 0.364285 0.399999 0.521428 0.521428
0.385713 0.436508 0.391352 0.362071 0.521675 0.664595 0.55191;
p42 41 8.65602 0.5 0.00962404 48 11.9063 0.5 0 48 0.5 0 48 0.5 0 48
0.5 0 100 367 -8.84686 0 5 808.096 176 50 81.6124 2.06452 5.76973 54.805
269.715 -4.77372 18.1028 28 68.1393 149.668 50 35 1.60272 2.34129 0.291339
0.862165 0 0 87.3728 5.99887 1 8.58976 0.773684 0.14574 912.931 1.12205
20 0 70.8962 0 61.9386 95.1509 154.245 137.198 3333.7 0.829255 0.5
0 0.817961 0 0.244094 0 1.71371 26.6595 0 1.71371 26.6595 0 0 26.6595
0.814288 0.850001 0.385713 0.364285 0.364285 0.399999 0.521428 0.521428
0.385713 0.436508 0.391352 0.362071 0.521675 0.664595 0.55191;
p41 43 8.65602 0.5 0.972933 48 11.9063 0.5 0.847617 48 0.5 0.374741
57 0.5 0.847276 56 0.5 0.758582 100 367 -8.57099 0 5 829.584 176 50
75.4394 2.06452 5.12922 76.6936 260.555 -8.17166 15.1158 28 49.6337
176.75 50 35 1.45394 5.05956 97.0616 0.946895 1 1 65.0937 5.99887 1
8.58976 0.576179 0.14574 912.931 1.12205 15.0221 0 70.8962 0 61.9386
95.1509 154.245 137.198 3333.7 0.829255 0.5 0 0.817961 0 0.499189 0
3.03397 171.724 0 1.71371 26.6595 0 0 26.6595 0.814288 0.850001 0.385713
0.364285 0.364285 0.399999 0.521428 0.521428 0.385713 0.436508 0.391352
0.362071 0.521675 0.664595 0.55191;
p32 43 8.65602 0.5 0.457593 48 11.9063 0.5 0.39536 48 0.5 0.174793
49 0.5 0.395201 49 0.5 0.353831 100 367 -8.54542 0 5 805.962 176 50
82.0002 2.06452 4.94157 58.8642 270.291 -5.99036 18.2904 28 50.9259
147.967 50 35 1.43216 4.14563 14.246 0.901686 0.466437 0.466437 62.4664
5.99887 1 8.58976 0.572708 0.14574 912.931 1.12205 14.9346 0 70.8962
0 61.9386 95.1509 154.245 137.198 3333.7 0.829255 0.5 0 0.817961 0
0.36308 0 3.03397 171.724 0 1.71371 26.6595 0 0 26.6595 0.814288 0.850001
0.385713 0.364285 0.364285 0.399999 0.521428 0.521428 0.385713 0.436508
0.39666 0.377132 0.511775 0.634155 0.539944;
p31 43 8.65602 0.5 0.972933 48 11.9063 0.5 0.847617 48 0.5 0.374741
57 0.5 0.847276 56 0.5 0.758582 100 367 -8.57099 0 5 829.584 176 50
75.4394 2.06452 5.12922 76.6936 260.555 -8.17166 15.1158 28 49.6337
176.75 50 35 1.45394 5.05956 97.0616 0.946895 1 1 65.0937 5.99887 1
8.58976 0.576179 0.14574 912.931 1.12205 15.0221 0 70.8962 0 61.9386
95.1509 154.245 137.198 3333.7 0.829255 0.5 0 0.817961 0 0.499189 0
3.03397 171.724 0 1.71371 26.6595 0 0 26.6595 0.814288 0.850001 0.385713
0.364285 0.364285 0.399999 0.521428 0.521428 0.385713 0.436508 0.391352
0.362071 0.521675 0.664595 0.55191;
p22 43 8.65602 0.5 0.457593 48 11.9063 0.5 0.39536 48 0.5 0.174793
49 0.5 0.395201 49 0.5 0.353831 100 367 -8.54542 0 5 805.962 176 50
82.0002 2.06452 4.94157 58.8642 270.291 -5.99036 18.2904 28 50.9259
147.967 50 35 1.43216 4.14563 14.246 0.901686 0.466437 0.466437 62.4664
5.99887 1 8.58976 0.572708 0.14574 912.931 1.12205 14.9346 0 70.8962
0 61.9386 95.1509 154.245 137.198 3333.7 0.829255 0.5 0 0.817961 0
0.36308 0 3.03397 171.724 0 1.71371 26.6595 0 0 26.6595 0.814288 0.850001
0.385713 0.364285 0.364285 0.399999 0.521428 0.521428 0.385713 0.436508
0.39666 0.377132 0.511775 0.634155 0.539944;
p21 43 8.65602 0.5 0.972933 48 11.9063 0.5 0.847617 48 0.5 0.374741
57 0.5 0.847276 56 0.5 0.758582 100 367 -8.57099 0 5 829.584 176 50
75.4394 2.06452 5.12922 76.6936 260.555 -8.17166 15.1158 28 49.6337
176.75 50 35 1.45394 5.05956 97.0616 0.946895 1 1 65.0937 5.99887 1
8.58976 0.576179 0.14574 912.931 1.12205 15.0221 0 70.8962 0 61.9386
95.1509 154.245 137.198 3333.7 0.829255 0.5 0 0.817961 0 0.499189 0
3.03397 171.724 0 1.71371 26.6595 0 0 26.6595 0.814288 0.850001 0.385713
0.364285 0.364285 0.399999 0.521428 0.521428 0.385713 0.436508 0.391352
0.362071 0.521675 0.664595 0.55191;
p12 48 8.65602 0.5 0 48 11.9063 0.5 0 48 0.5 0 48 0.5 0 48 0.5 0 100
367 -7.72928 0 6 744.088 176 50 100 2.06452 2.6087 88 297 -3 27 30
16 69 50 35 1 10 0.291339 0.862165 0 0 0.185002 5.99887 1 8.58976 0
0.14574 912.931 1.12205 0.5 0 70.8962 0 61.9386 95.1509 154.245 137.198
3333.7 0.829255 0.5 0 0.817961 0 0.244094 0 0 0 0 0 0 0 0 0 0.814288
0.850001 0.385713 0.364285 0.364285 0.399999 0.521428 0.521428 0.385713
0.436508 0.423731 0.453935 0.461283 0.47892;
p11 43 8.65602 0.5 0.972933 48 11.9063 0.5 0.847617 48 0.5 0.374741
57 0.5 0.847276 56 0.5 0.758582 100 367 -8.57099 0 5 829.584 176 50
75.4394 2.06452 5.12922 76.6936 260.555 -8.17166 15.1158 28 49.6337
176.75 50 35 1.45394 5.05956 97.0616 0.946895 1 1 65.0937 5.99887 1
8.58976 0.576179 0.14574 912.931 1.12205 15.0221 0 70.8962 0 61.9386
95.1509 154.245 137.198 3333.7 0.829255 0.5 0 0.817961 0 0.499189 0
3.03397 171.724 0 1.71371 26.6595 0 0 26.6595 0.814288 0.850001 0.385713
0.364285 0.364285 0.399999 0.521428 0.521428 0.385713 0.436508 0.391352
0.362071 0.521675 0.664595 0.55191;
glide 40.201;
color-cp17 -1.67137e+07;
color-cp16 -1.67137e+07;
color-cp15 -1.16056e+07;
color-cp14 -1.16056e+07;
color-cp13 -1.16056e+07;
color-cp12 -1.10285e+07;
color-cp11 -2.71824e+06;
color-cp37 -1.10285e+07;
color-cp36 -1.10285e+07;
color-cp35 -2.71824e+06;
color-cp34 -2.71824e+06;
color-cp33 -1.3665e+07;
color-cp32 -1.3665e+07;
color-cp31 -2.71824e+06;
color-cp57 -1.16056e+07;
color-cp56 -1.16056e+07;
color-cp55 -1.10285e+07;
color-cp54 -1.43676e+06;
color-cp53 -1.43676e+06;
color-cp52 -1.1284e+07;
color-cp51 -1.1284e+07;
color-cp41 -2.71824e+06;
color-cp42 -1.1284e+07;
color-cp43 -2.71824e+06;
color-cp44 -2.71824e+06;
color-cp45 -2.71824e+06;
color-cp46 -1.16056e+07;
color-cp47 -1.16056e+07;
color-cp21 -2.71824e+06;
color-cp22 -1.3665e+07;
color-cp23 -1.3665e+07;
color-cp24 -1.16056e+07;
color-cp25 -1.16056e+07;
color-cp26 -1.67137e+07;
color-cp27 -1.67137e+07;
preset_name preset_beams;
LFO-ctrl-2 0;
LFO-waveform-2 0;
LFO-am-fm-phase-2 0;
LFO-ctrl-3 0;
LFO-waveform-3 0;
LFO-am-fm-phase-3 0;
granulate-sample-2 bells_1.wav;
granulate-start-2 0;
granulate-ctrl-2 1;
gens-ctl-2 1;
gens-waveform-2 2;
gens-ctl-3 1;
gens-waveform-3 3;
aniosc-ctl-2 1;
aniosc-wave-2 5;
granulate-sample-1 bells_2.wav;
granulate-start-1 1;
granulate-ctrl-1 1;
gens-ctl-1 1;
gens-waveform-1 2;
LFO-ctrl-1 0;
LFO-waveform-1 0;
LFO-am-fm-phase-1 0;
FM-invertt-5 0;
lfo-FM-amt-5 33;
lfo-FM-5 0;
lfo-AM-5 0;
lfo-route-dest-5 0;
lfo-FM-amt-4 128;
FM-invertt-4 0;
lfo-FM-4 0;
lfo-AM-4 0;
lfo-route-dest-4 0;
adsr-amp-ctrl 1;
main-adsr-mode 1;
adsr-2-ctrl 1;
adsr-1-ctrl 1;
lfo-FM-3 0;
lfo-AM-3 0;
lfo-route-dest-3 0;
lfo-FM-2 0;
lfo-AM-2 0;
lfo-route-dest-2 0;
aniosc-ctl-1 1;
aniosc-wave-1 12;
delay-ctrl 1;
reso-lvl-ctrl 1;
reso-pitch-ctrl 1;
crush-ctrl 1;
extreme-drive 1;
drive-ctrl 1;
filter-ctrl 1;
lfo-FM-1 2;
lfo-AM-1 1;
lfo-route-dest-1 2;
main-mix-ctrl 1;
