glide 136.104;
color-cp17 -5.87804e+06;
color-cp16 -5.87804e+06;
color-cp15 -5.87804e+06;
color-cp14 -5.87804e+06;
color-cp13 -5.87804e+06;
color-cp12 -5.87804e+06;
color-cp11 -5.87804e+06;
color-cp37 -5.87804e+06;
color-cp36 -5.87804e+06;
color-cp35 -5.87804e+06;
color-cp34 -5.87804e+06;
color-cp33 -5.87804e+06;
color-cp32 -5.87804e+06;
color-cp31 -5.87804e+06;
color-cp57 -1.03555e+07;
color-cp56 -1.03555e+07;
color-cp55 -1.03555e+07;
color-cp54 -1.03555e+07;
color-cp53 -1.03555e+07;
color-cp52 -1.03555e+07;
color-cp51 -1.03555e+07;
color-cp41 -1.03555e+07;
color-cp42 -1.03555e+07;
color-cp43 -1.03555e+07;
color-cp44 -1.03555e+07;
color-cp45 -1.03555e+07;
color-cp46 -1.03555e+07;
color-cp47 -1.03555e+07;
color-cp21 -5.87804e+06;
color-cp22 -5.87804e+06;
color-cp23 -5.87804e+06;
color-cp24 -5.87804e+06;
color-cp25 -5.87804e+06;
color-cp26 -5.87804e+06;
color-cp27 -5.87804e+06;
preset_name 4;
p34 59 3.9347 0 0.488878 55 3.97404 0 0.139625 79 0 0.304141 61 0 0.941796
72 0 0.5556 0 0 0 0 0 0 1 0 0 0 0 0 0 0 0 0 0 0 0 0 0 0 0 0 0 0 0 0
0 0 0 0 0 0 0 0 0 0.12234 0 0 0 0 0 0 0 0 0 0 0.993532 0 0 0 0 0 0
0 0 0 0 0 0 0 0 0 0 0 0 0 0 0 0 0;
p17 59 3.9347 0 0.488878 55 3.97404 0 0.139625 79 0 0.304141 61 0 0.941796
72 0 0.5556 0 0 0 0 0 0 1 0 0 0 0 0 0 0 0 0 0 0 0 0 0 0 0 0 0 0 0 0
0 0 0 0 0 0 0 0 0 0.12234 0 0 0 0 0 0 0 0 0 0 0.993532 0 0 0 0 0 0
0 0 0 0 0 0 0 0 0 0 0 0 0 0 0 0 0;
p27 59 3.9347 0 0.488878 55 3.97404 0 0.139625 79 0 0.304141 61 0 0.941796
72 0 0.5556 0 0 0 0 0 0 1 0 0 0 0 0 0 0 0 0 0 0 0 0 0 0 0 0 0 0 0 0
0 0 0 0 0 0 0 0 0 0.12234 0 0 0 0 0 0 0 0 0 0 0.993532 0 0 0 0 0 0
0 0 0 0 0 0 0 0 0 0 0 0 0 0 0 0 0;
p37 59 3.9347 0 0.488878 55 3.97404 0 0.139625 79 0 0.304141 61 0 0.941796
72 0 0.5556 0 0 0 0 0 0 1 0 0 0 0 0 0 0 0 0 0 0 0 0 0 0 0 0 0 0 0 0
0 0 0 0 0 0 0 0 0 0.12234 0 0 0 0 0 0 0 0 0 0 0.993532 0 0 0 0 0 0
0 0 0 0 0 0 0 0 0 0 0 0 0 0 0 0 0;
p47 59 8.15052 0 0.504741 55 10.9379 0 0.5348 79 0 0.641606 61 0 0.553972
72 0 0.5556 0 0 0 0 0 0 1 0 0 0 0 0 0 0 0 0 0 0 0 0 0 0 0 0 0 0 0 0
0 0 0 0 0 0 0 0 0 0.12234 0 0 0 0 0 0 0 0 0 0 0.993532 0 0 0 0 0 0
0 0 0 0 0 0 0 0 0 0 0 0 0 0 0 0 0;
p57 59 8.15052 0 0.504741 55 10.9379 0 0.5348 79 0 0.641606 61 0 0.553972
72 0 0.5556 0 0 0 0 0 0 1 0 0 0 0 0 0 0 0 0 0 0 0 0 0 0 0 0 0 0 0 0
0 0 0 0 0 0 0 0 0 0.12234 0 0 0 0 0 0 0 0 0 0 0.993532 0 0 0 0 0 0
0 0 0 0 0 0 0 0 0 0 0 0 0 0 0 0 0;
p56 59 8.15052 0 0.504741 55 10.9379 0 0.5348 79 0 0.641606 61 0 0.553972
72 0 0.5556 0 0 0 0 0 0 1 0 0 0 0 0 0 0 0 0 0 0 0 0 0 0 0 0 0 0 0 0
0 0 0 0 0 0 0 0 0 0.12234 0 0 0 0 0 0 0 0 0 0 0.993532 0 0 0 0 0 0
0 0 0 0 0 0 0 0 0 0 0 0 0 0 0 0 0;
p46 59 8.15052 0 0.504741 55 10.9379 0 0.5348 79 0 0.641606 61 0 0.553972
72 0 0.5556 0 0 0 0 0 0 1 0 0 0 0 0 0 0 0 0 0 0 0 0 0 0 0 0 0 0 0 0
0 0 0 0 0 0 0 0 0 0.12234 0 0 0 0 0 0 0 0 0 0 0.993532 0 0 0 0 0 0
0 0 0 0 0 0 0 0 0 0 0 0 0 0 0 0 0;
p36 59 3.9347 0 0.488878 55 3.97404 0 0.139625 79 0 0.304141 61 0 0.941796
72 0 0.5556 0 0 0 0 0 0 1 0 0 0 0 0 0 0 0 0 0 0 0 0 0 0 0 0 0 0 0 0
0 0 0 0 0 0 0 0 0 0.12234 0 0 0 0 0 0 0 0 0 0 0.993532 0 0 0 0 0 0
0 0 0 0 0 0 0 0 0 0 0 0 0 0 0 0 0;
p26 59 3.9347 0 0.488878 55 3.97404 0 0.139625 79 0 0.304141 61 0 0.941796
72 0 0.5556 0 0 0 0 0 0 1 0 0 0 0 0 0 0 0 0 0 0 0 0 0 0 0 0 0 0 0 0
0 0 0 0 0 0 0 0 0 0.12234 0 0 0 0 0 0 0 0 0 0 0.993532 0 0 0 0 0 0
0 0 0 0 0 0 0 0 0 0 0 0 0 0 0 0 0;
p16 59 3.9347 0 0.488878 55 3.97404 0 0.139625 79 0 0.304141 61 0 0.941796
72 0 0.5556 0 0 0 0 0 0 1 0 0 0 0 0 0 0 0 0 0 0 0 0 0 0 0 0 0 0 0 0
0 0 0 0 0 0 0 0 0 0.12234 0 0 0 0 0 0 0 0 0 0 0.993532 0 0 0 0 0 0
0 0 0 0 0 0 0 0 0 0 0 0 0 0 0 0 0;
p15 59 3.9347 0 0.488878 55 3.97404 0 0.139625 79 0 0.304141 61 0 0.941796
72 0 0.5556 0 0 0 0 0 0 1 0 0 0 0 0 0 0 0 0 0 0 0 0 0 0 0 0 0 0 0 0
0 0 0 0 0 0 0 0 0 0.12234 0 0 0 0 0 0 0 0 0 0 0.993532 0 0 0 0 0 0
0 0 0 0 0 0 0 0 0 0 0 0 0 0 0 0 0;
p25 59 3.9347 0 0.488878 55 3.97404 0 0.139625 79 0 0.304141 61 0 0.941796
72 0 0.5556 0 0 0 0 0 0 1 0 0 0 0 0 0 0 0 0 0 0 0 0 0 0 0 0 0 0 0 0
0 0 0 0 0 0 0 0 0 0.12234 0 0 0 0 0 0 0 0 0 0 0.993532 0 0 0 0 0 0
0 0 0 0 0 0 0 0 0 0 0 0 0 0 0 0 0;
p35 59 3.9347 0 0.488878 55 3.97404 0 0.139625 79 0 0.304141 61 0 0.941796
72 0 0.5556 0 0 0 0 0 0 1 0 0 0 0 0 0 0 0 0 0 0 0 0 0 0 0 0 0 0 0 0
0 0 0 0 0 0 0 0 0 0.12234 0 0 0 0 0 0 0 0 0 0 0.993532 0 0 0 0 0 0
0 0 0 0 0 0 0 0 0 0 0 0 0 0 0 0 0;
p45 59 8.15052 0 0.504741 55 10.9379 0 0.5348 79 0 0.641606 61 0 0.553972
72 0 0.5556 0 0 0 0 0 0 1 0 0 0 0 0 0 0 0 0 0 0 0 0 0 0 0 0 0 0 0 0
0 0 0 0 0 0 0 0 0 0.12234 0 0 0 0 0 0 0 0 0 0 0.993532 0 0 0 0 0 0
0 0 0 0 0 0 0 0 0 0 0 0 0 0 0 0 0;
p55 59 8.15052 0 0.504741 55 10.9379 0 0.5348 79 0 0.641606 61 0 0.553972
72 0 0.5556 0 0 0 0 0 0 1 0 0 0 0 0 0 0 0 0 0 0 0 0 0 0 0 0 0 0 0 0
0 0 0 0 0 0 0 0 0 0.12234 0 0 0 0 0 0 0 0 0 0 0.993532 0 0 0 0 0 0
0 0 0 0 0 0 0 0 0 0 0 0 0 0 0 0 0;
p54 59 8.15052 0 0.504741 55 10.9379 0 0.5348 79 0 0.641606 61 0 0.553972
72 0 0.5556 0 0 0 0 0 0 1 0 0 0 0 0 0 0 0 0 0 0 0 0 0 0 0 0 0 0 0 0
0 0 0 0 0 0 0 0 0 0.12234 0 0 0 0 0 0 0 0 0 0 0.993532 0 0 0 0 0 0
0 0 0 0 0 0 0 0 0 0 0 0 0 0 0 0 0;
p44 59 8.15052 0 0.504741 55 10.9379 0 0.5348 79 0 0.641606 61 0 0.553972
72 0 0.5556 0 0 0 0 0 0 1 0 0 0 0 0 0 0 0 0 0 0 0 0 0 0 0 0 0 0 0 0
0 0 0 0 0 0 0 0 0 0.12234 0 0 0 0 0 0 0 0 0 0 0.993532 0 0 0 0 0 0
0 0 0 0 0 0 0 0 0 0 0 0 0 0 0 0 0;
p24 59 3.9347 0 0.488878 55 3.97404 0 0.139625 79 0 0.304141 61 0 0.941796
72 0 0.5556 0 0 0 0 0 0 1 0 0 0 0 0 0 0 0 0 0 0 0 0 0 0 0 0 0 0 0 0
0 0 0 0 0 0 0 0 0 0.12234 0 0 0 0 0 0 0 0 0 0 0.993532 0 0 0 0 0 0
0 0 0 0 0 0 0 0 0 0 0 0 0 0 0 0 0;
p14 59 3.9347 0 0.488878 55 3.97404 0 0.139625 79 0 0.304141 61 0 0.941796
72 0 0.5556 0 0 0 0 0 0 1 0 0 0 0 0 0 0 0 0 0 0 0 0 0 0 0 0 0 0 0 0
0 0 0 0 0 0 0 0 0 0.12234 0 0 0 0 0 0 0 0 0 0 0.993532 0 0 0 0 0 0
0 0 0 0 0 0 0 0 0 0 0 0 0 0 0 0 0;
p13 59 3.9347 0 0.488878 55 3.97404 0 0.139625 79 0 0.304141 61 0 0.941796
72 0 0.5556 0 0 0 0 0 0 1 0 0 0 0 0 0 0 0 0 0 0 0 0 0 0 0 0 0 0 0 0
0 0 0 0 0 0 0 0 0 0.12234 0 0 0 0 0 0 0 0 0 0 0.993532 0 0 0 0 0 0
0 0 0 0 0 0 0 0 0 0 0 0 0 0 0 0 0;
p23 59 3.9347 0 0.488878 55 3.97404 0 0.139625 79 0 0.304141 61 0 0.941796
72 0 0.5556 0 0 0 0 0 0 1 0 0 0 0 0 0 0 0 0 0 0 0 0 0 0 0 0 0 0 0 0
0 0 0 0 0 0 0 0 0 0.12234 0 0 0 0 0 0 0 0 0 0 0.993532 0 0 0 0 0 0
0 0 0 0 0 0 0 0 0 0 0 0 0 0 0 0 0;
p33 59 3.9347 0 0.488878 55 3.97404 0 0.139625 79 0 0.304141 61 0 0.941796
72 0 0.5556 0 0 0 0 0 0 1 0 0 0 0 0 0 0 0 0 0 0 0 0 0 0 0 0 0 0 0 0
0 0 0 0 0 0 0 0 0 0.12234 0 0 0 0 0 0 0 0 0 0 0.993532 0 0 0 0 0 0
0 0 0 0 0 0 0 0 0 0 0 0 0 0 0 0 0;
p43 59 8.15052 0 0.504741 55 10.9379 0 0.5348 79 0 0.641606 61 0 0.553972
72 0 0.5556 0 0 0 0 0 0 1 0 0 0 0 0 0 0 0 0 0 0 0 0 0 0 0 0 0 0 0 0
0 0 0 0 0 0 0 0 0 0.12234 0 0 0 0 0 0 0 0 0 0 0.993532 0 0 0 0 0 0
0 0 0 0 0 0 0 0 0 0 0 0 0 0 0 0 0;
p53 59 8.15052 0 0.504741 55 10.9379 0 0.5348 79 0 0.641606 61 0 0.553972
72 0 0.5556 0 0 0 0 0 0 1 0 0 0 0 0 0 0 0 0 0 0 0 0 0 0 0 0 0 0 0 0
0 0 0 0 0 0 0 0 0 0.12234 0 0 0 0 0 0 0 0 0 0 0.993532 0 0 0 0 0 0
0 0 0 0 0 0 0 0 0 0 0 0 0 0 0 0 0;
p52 59 8.15052 0 0.504741 55 10.9379 0 0.5348 79 0 0.641606 61 0 0.553972
72 0 0.5556 0 0 0 0 0 0 1 0 0 0 0 0 0 0 0 0 0 0 0 0 0 0 0 0 0 0 0 0
0 0 0 0 0 0 0 0 0 0.12234 0 0 0 0 0 0 0 0 0 0 0.993532 0 0 0 0 0 0
0 0 0 0 0 0 0 0 0 0 0 0 0 0 0 0 0;
p51 59 8.15052 0 0.504741 55 10.9379 0 0.5348 79 0 0.641606 61 0 0.553972
72 0 0.5556 0 0 0 0 0 0 1 0 0 0 0 0 0 0 0 0 0 0 0 0 0 0 0 0 0 0 0 0
0 0 0 0 0 0 0 0 0 0.12234 0 0 0 0 0 0 0 0 0 0 0.993532 0 0 0 0 0 0
0 0 0 0 0 0 0 0 0 0 0 0 0 0 0 0 0;
p42 59 8.15052 0 0.504741 55 10.9379 0 0.5348 79 0 0.641606 61 0 0.553972
72 0 0.5556 0 0 0 0 0 0 1 0 0 0 0 0 0 0 0 0 0 0 0 0 0 0 0 0 0 0 0 0
0 0 0 0 0 0 0 0 0 0.12234 0 0 0 0 0 0 0 0 0 0 0.993532 0 0 0 0 0 0
0 0 0 0 0 0 0 0 0 0 0 0 0 0 0 0 0;
p41 59 8.15052 0 0.504741 55 10.9379 0 0.5348 79 0 0.641606 61 0 0.553972
72 0 0.5556 0 0 0 0 0 0 1 0 0 0 0 0 0 0 0 0 0 0 0 0 0 0 0 0 0 0 0 0
0 0 0 0 0 0 0 0 0 0.12234 0 0 0 0 0 0 0 0 0 0 0.993532 0 0 0 0 0 0
0 0 0 0 0 0 0 0 0 0 0 0 0 0 0 0 0;
p32 59 3.9347 0 0.488878 55 3.97404 0 0.139625 79 0 0.304141 61 0 0.941796
72 0 0.5556 0 0 0 0 0 0 1 0 0 0 0 0 0 0 0 0 0 0 0 0 0 0 0 0 0 0 0 0
0 0 0 0 0 0 0 0 0 0.12234 0 0 0 0 0 0 0 0 0 0 0.993532 0 0 0 0 0 0
0 0 0 0 0 0 0 0 0 0 0 0 0 0 0 0 0;
p31 59 3.9347 0 0.488878 55 3.97404 0 0.139625 79 0 0.304141 61 0 0.941796
72 0 0.5556 0 0 0 0 0 0 1 0 0 0 0 0 0 0 0 0 0 0 0 0 0 0 0 0 0 0 0 0
0 0 0 0 0 0 0 0 0 0.12234 0 0 0 0 0 0 0 0 0 0 0.993532 0 0 0 0 0 0
0 0 0 0 0 0 0 0 0 0 0 0 0 0 0 0 0;
p22 59 3.9347 0 0.488878 55 3.97404 0 0.139625 79 0 0.304141 61 0 0.941796
72 0 0.5556 0 0 0 0 0 0 1 0 0 0 0 0 0 0 0 0 0 0 0 0 0 0 0 0 0 0 0 0
0 0 0 0 0 0 0 0 0 0.12234 0 0 0 0 0 0 0 0 0 0 0.993532 0 0 0 0 0 0
0 0 0 0 0 0 0 0 0 0 0 0 0 0 0 0 0;
p21 59 3.9347 0 0.488878 55 3.97404 0 0.139625 79 0 0.304141 61 0 0.941796
72 0 0.5556 0 0 0 0 0 0 1 0 0 0 0 0 0 0 0 0 0 0 0 0 0 0 0 0 0 0 0 0
0 0 0 0 0 0 0 0 0 0.12234 0 0 0 0 0 0 0 0 0 0 0.993532 0 0 0 0 0 0
0 0 0 0 0 0 0 0 0 0 0 0 0 0 0 0 0;
p12 59 3.9347 0 0.488878 55 3.97404 0 0.139625 79 0 0.304141 61 0 0.941796
72 0 0.5556 0 0 0 0 0 0 1 0 0 0 0 0 0 0 0 0 0 0 0 0 0 0 0 0 0 0 0 0
0 0 0 0 0 0 0 0 0 0.12234 0 0 0 0 0 0 0 0 0 0 0.993532 0 0 0 0 0 0
0 0 0 0 0 0 0 0 0 0 0 0 0 0 0 0 0;
p11 59 3.9347 0 0.488878 55 3.97404 0 0.139625 79 0 0.304141 61 0 0.941796
72 0 0.5556 0 0 0 0 0 0 1 0 0 0 0 0 0 0 0 0 0 0 0 0 0 0 0 0 0 0 0 0
0 0 0 0 0 0 0 0 0 0.12234 0 0 0 0 0 0 0 0 0 0 0.993532 0 0 0 0 0 0
0 0 0 0 0 0 0 0 0 0 0 0 0 0 0 0 0;
LFO-ctrl-2 0;
LFO-waveform-2 0;
LFO-am-fm-phase-2 0;
LFO-ctrl-3 0;
LFO-waveform-3 0;
LFO-am-fm-phase-3 0;
granulate-sample-2 bells_1.wav;
granulate-start-2 1;
granulate-ctrl-2 1;
gens-ctl-2 1;
gens-waveform-2 2;
gens-ctl-3 1;
gens-waveform-3 3;
aniosc-ctl-2 1;
aniosc-wave-2 5;
granulate-sample-1 bells_2.wav;
granulate-start-1 1;
granulate-ctrl-1 1;
gens-ctl-1 1;
gens-waveform-1 2;
LFO-ctrl-1 0;
LFO-waveform-1 0;
LFO-am-fm-phase-1 0;
FM-invertt-5 0;
lfo-FM-amt-5 33;
lfo-FM-5 0;
lfo-AM-5 0;
lfo-route-dest-5 0;
lfo-FM-amt-4 128;
FM-invertt-4 0;
lfo-FM-4 0;
lfo-AM-4 0;
lfo-route-dest-4 0;
adsr-amp-ctrl 0;
main-adsr-mode 1;
adsr-2-ctrl 1;
adsr-1-ctrl 1;
lfo-FM-3 0;
lfo-AM-3 0;
lfo-route-dest-3 0;
lfo-FM-2 0;
lfo-AM-2 0;
lfo-route-dest-2 0;
aniosc-ctl-1 1;
aniosc-wave-1 14;
delay-ctrl 0;
reso-lvl-ctrl 1;
reso-pitch-ctrl 1;
crush-ctrl 1;
extreme-drive 1;
drive-ctrl 0;
filter-ctrl 0;
lfo-FM-1 0;
lfo-AM-1 0;
lfo-route-dest-1 0;
main-mix-ctrl 1;
