p34 68 4.56546 0.5 0.174945 64 1.2954 0.5 0.243892 84 0.5 0.146485
71 0.5 0.0993658 61 0.5 0.162089 100 367 -8.65474 0 5 744.088 176 50
87.5092 2.06452 3.55412 63.8245 194.656 13.6338 20.956 25 84.0952 58.9267
50 35 1.40943 10 0.291339 0.862165 0 0 12.2101 5.99887 0.804864 8.58976
0.195347 0.14574 912.931 1.12205 0.5 0 70.8962 0 61.9386 95.1509 154.245
137.198 3333.7 0.829255 0.5 0 0.817961 0 0.244094 0.845393 1.81001
0 0.871348 1.11398 7.7334 0 0 0 0.814288 0.850001 0.385713 0.364285
0.364285 0.399999 0.521428 0.521428 0.385713 0.436508 0.332861 0.196128
0.630769 1 0.683761;
p17 68 4.589 0.5 0.109194 64 0.28863 0.5 0.0133389 84 0.5 0.0882717
71 0.5 0.339744 61 0.5 0.554262 100 367 -8.65475 0 6 744.088 176 50
87.5092 2.06452 3.55412 63.8245 194.656 13.6338 20.956 25 84.0952 58.9267
50 35 1.40943 10 0.291339 0.862165 0 0 80.263 0.489286 1 8.58976 0.784211
461.351 423.895 0.627571 3565.05 0.713136 0.5 0.643364 61.9386 95.1509
154.245 137.198 3333.7 0.829255 0.5 0 0.5 0 0.244094 0.845393 1.81001
0 0.871348 1.11398 7.7334 0 0 0 0.814288 0.850001 0.385713 0.364285
0.364285 0.399999 0.521428 0.521428 0.385713 0.436508 0.332861 0.196128
0.630769 1 0.683761;
p27 68 4.589 0.5 0.109194 64 0.28863 0.5 0.0133389 84 0.5 0.0882717
71 0.5 0.339744 61 0.5 0.554262 100 367 -8.65475 0 6 744.088 176 50
87.5092 2.06452 3.55412 63.8245 194.656 13.6338 20.956 25 84.0952 58.9267
50 35 1.40943 10 0.291339 0.862165 0 0 80.263 0.489286 1 8.58976 0.784211
461.351 423.895 0.627571 3565.05 0.713136 0.5 0.643364 61.9386 95.1509
154.245 137.198 3333.7 0.829255 0.5 0 0.5 0 0.244094 0.845393 1.81001
0 0.871348 1.11398 7.7334 0 0 0 0.814288 0.850001 0.385713 0.364285
0.364285 0.399999 0.521428 0.521428 0.385713 0.436508 0.332861 0.196128
0.630769 1 0.683761;
p37 68 4.589 0.5 0.109194 64 0.28863 0.5 0.0133389 84 0.5 0.0882717
71 0.5 0.339744 61 0.5 0.554262 100 367 -8.65475 0 6 744.088 176 50
87.5092 2.06452 3.55412 63.8245 194.656 13.6338 20.956 25 84.0952 58.9267
50 35 1.40943 10 0.291339 0.862165 0 0 0.185002 5.99887 1 8.58976 0
461.351 423.895 0.627571 3565.05 0.713136 0.5 0.87234 61.9386 95.1509
154.245 137.198 3333.7 0.829255 0.5 0 0.5 0 0.244094 0.845393 1.81001
0 0.871348 1.11398 7.7334 0 0 0 0.814288 0.850001 0.385713 0.364285
0.364285 0.399999 0.521428 0.521428 0.385713 0.436508 0.332861 0.196128
0.630769 1 0.683761;
p47 68 4.589 0.5 0.109194 64 0.28863 0.5 0.0133389 84 0.5 0.0882717
71 0.5 0.339744 61 0.5 0.554262 100 367 -8.65475 0 6 744.088 176 50
87.5092 2.06452 3.55412 63.8245 194.656 13.6338 20.956 25 84.0952 58.9267
50 35 1.40943 10 0.291339 0.862165 0 0 0.185002 5.99887 1 8.58976 0
461.351 423.895 0.627571 3565.05 0.713136 0.5 0.473404 61.9386 95.1509
154.245 137.198 3333.7 0.829255 0.5 0 0.5 0 0.244094 0.845393 1.81001
0 0.871348 1.11398 7.7334 0 0 0 0.814288 0.850001 0.385713 0.364285
0.364285 0.399999 0.521428 0.521428 0.385713 0.436508 0.332861 0.196128
0.630769 1 0.683761;
p57 68 4.589 0.5 0.109194 64 0.28863 0.5 0.0133389 84 0.5 0.0882717
71 0.5 0.339744 61 0.5 0.554262 100 367 -8.65475 0 6 744.088 176 50
87.5092 2.06452 3.55412 63.8245 194.656 13.6338 20.956 25 84.0952 58.9267
50 35 1.40943 10 0.291339 0.862165 0 0 0.185002 5.99887 1 8.58976 0
461.351 423.895 0.627571 2015.56 0.713136 0.5 2.65927e-06 61.9386 95.1509
154.245 137.198 3333.7 0.829255 0.5 0 0.5 0 0.244094 0.845393 1.81001
0 0.871348 1.11398 7.7334 0 0 0 0.814288 0.850001 0.385713 0.364285
0.364285 0.399999 0.521428 0.521428 0.385713 0.436508 0.332861 0.196128
0.630769 1 0.683761;
p56 68 4.589 0.5 0.109194 64 0.28863 0.5 0.0133389 84 0.5 0.0882717
71 0.5 0.339744 61 0.5 0.554262 100 367 -8.65475 0 6 744.088 176 50
87.5092 2.06452 3.55412 63.8245 194.656 13.6338 20.956 25 84.0952 58.9267
50 35 1.40943 10 0.291339 0.862165 0 0 0.185002 5.99887 1 8.58976 0
461.351 423.895 0.627571 2015.56 0.713136 0.5 2.65927e-06 61.9386 95.1509
154.245 137.198 3333.7 0.829255 0.5 0 0.5 0 0.244094 0.845393 1.81001
0 0.871348 1.11398 7.7334 0 0 0 0.814288 0.850001 0.385713 0.364285
0.364285 0.399999 0.521428 0.521428 0.385713 0.436508 0.332861 0.196128
0.630769 1 0.683761;
p46 68 4.589 0.5 0.109194 64 0.28863 0.5 0.0133389 84 0.5 0.0882717
71 0.5 0.339744 61 0.5 0.554262 100 367 -8.65475 0 6 744.088 176 50
87.5092 2.06452 3.55412 63.8245 194.656 13.6338 20.956 25 84.0952 58.9267
50 35 1.40943 10 0.291339 0.862165 0 0 0.185002 5.99887 1 8.58976 0
461.351 423.895 0.627571 3565.05 0.713136 0.5 0.473404 61.9386 95.1509
154.245 137.198 3333.7 0.829255 0.5 0 0.5 0 0.244094 0.845393 1.81001
0 0.871348 1.11398 7.7334 0 0 0 0.814288 0.850001 0.385713 0.364285
0.364285 0.399999 0.521428 0.521428 0.385713 0.436508 0.332861 0.196128
0.630769 1 0.683761;
p36 68 4.589 0.5 0.109194 64 0.28863 0.5 0.0133389 84 0.5 0.0882717
71 0.5 0.339744 61 0.5 0.554262 100 367 -8.65475 0 6 744.088 176 50
87.5092 2.06452 3.55412 63.8245 194.656 13.6338 20.956 25 84.0952 58.9267
50 35 1.40943 10 0.291339 0.862165 0 0 0.185002 5.99887 1 8.58976 0
461.351 423.895 0.627571 3565.05 0.713136 0.5 0.87234 61.9386 95.1509
154.245 137.198 3333.7 0.829255 0.5 0 0.5 0 0.244094 0.845393 1.81001
0 0.871348 1.11398 7.7334 0 0 0 0.814288 0.850001 0.385713 0.364285
0.364285 0.399999 0.521428 0.521428 0.385713 0.436508 0.332861 0.196128
0.630769 1 0.683761;
p26 68 4.589 0.5 0.109194 64 0.28863 0.5 0.0133389 84 0.5 0.0882717
71 0.5 0.339744 61 0.5 0.554262 100 367 -8.65475 0 6 744.088 176 50
87.5092 2.06452 3.55412 63.8245 194.656 13.6338 20.956 25 84.0952 58.9267
50 35 1.40943 10 0.291339 0.862165 0 0 80.263 0.489286 1 8.58976 0.784211
461.351 423.895 0.627571 3565.05 0.713136 0.5 0.643364 61.9386 95.1509
154.245 137.198 3333.7 0.829255 0.5 0 0.5 0 0.244094 0.845393 1.81001
0 0.871348 1.11398 7.7334 0 0 0 0.814288 0.850001 0.385713 0.364285
0.364285 0.399999 0.521428 0.521428 0.385713 0.436508 0.332861 0.196128
0.630769 1 0.683761;
p16 68 4.589 0.5 0.109194 64 0.28863 0.5 0.0133389 84 0.5 0.0882717
71 0.5 0.339744 61 0.5 0.554262 100 367 -8.65475 0 6 744.088 176 50
87.5092 2.06452 3.55412 63.8245 194.656 13.6338 20.956 25 84.0952 58.9267
50 35 1.40943 10 0.291339 0.862165 0 0 80.263 0.489286 1 8.58976 0.784211
461.351 423.895 0.627571 3565.05 0.713136 0.5 0.643364 61.9386 95.1509
154.245 137.198 3333.7 0.829255 0.5 0 0.5 0 0.244094 0.845393 1.81001
0 0.871348 1.11398 7.7334 0 0 0 0.814288 0.850001 0.385713 0.364285
0.364285 0.399999 0.521428 0.521428 0.385713 0.436508 0.332861 0.196128
0.630769 1 0.683761;
p15 68 7.84021 0.5 0.251161 64 8.41986 0.5 0.488194 84 0.5 0.438259
71 0.5 0.449826 61 0.5 0.484491 100 367 -8.65474 0 6 744.088 176 50
87.5092 2.06452 3.55412 63.8245 194.656 13.6338 20.956 25 84.0952 58.9267
50 35 1.40943 10 0.291339 0.862165 0 0 51.3902 5.99887 0.169071 8.58976
0.831826 0.14574 912.931 1.12205 0.5 0 0.5 0 61.9386 95.1509 154.245
137.198 3333.7 0.829255 0.5 0 0.817961 0 0.244094 0.845393 1.81001
0 0.871348 1.11398 7.7334 0 0 0 0.814288 0.850001 0.385713 0.364285
0.364285 0.399999 0.521428 0.521428 0.385713 0.436508 0.332861 0.196128
0.630769 1 0.683761;
p25 68 7.84021 0.5 0.251161 64 8.41986 0.5 0.488194 84 0.5 0.438259
71 0.5 0.449826 61 0.5 0.484491 100 367 -8.65474 0 6 744.088 176 50
87.5092 2.06452 3.55412 63.8245 194.656 13.6338 20.956 25 84.0952 58.9267
50 35 1.40943 10 0.291339 0.862165 0 0 51.3902 5.99887 0.169071 8.58976
0.831826 0.14574 912.931 1.12205 0.5 0 0.5 0 61.9386 95.1509 154.245
137.198 3333.7 0.829255 0.5 0 0.817961 0 0.244094 0.845393 1.81001
0 0.871348 1.11398 7.7334 0 0 0 0.814288 0.850001 0.385713 0.364285
0.364285 0.399999 0.521428 0.521428 0.385713 0.436508 0.332861 0.196128
0.630769 1 0.683761;
p35 68 4.56546 0.5 0.174945 64 1.2954 0.5 0.243892 84 0.5 0.146485
71 0.5 0.0993658 61 0.5 0.162089 100 367 -8.65474 0 5 744.088 176 50
87.5092 2.06452 3.55412 63.8245 194.656 13.6338 20.956 25 84.0952 58.9267
50 35 1.40943 10 0.291339 0.862165 0 0 12.2101 5.99887 0.804864 8.58976
0.195347 0.14574 912.931 1.12205 0.5 0 70.8962 0 61.9386 95.1509 154.245
137.198 3333.7 0.829255 0.5 0 0.817961 0 0.244094 0.845393 1.81001
0 0.871348 1.11398 7.7334 0 0 0 0.814288 0.850001 0.385713 0.364285
0.364285 0.399999 0.521428 0.521428 0.385713 0.436508 0.332861 0.196128
0.630769 1 0.683761;
p45 68 4.589 0.5 0.109194 64 0.28863 0.5 0.0133389 84 0.5 0.0882717
71 0.5 0.339744 61 0.5 0.554262 100 367 -8.65475 0 6 744.088 176 50
87.5092 2.06452 3.55412 63.8245 194.656 13.6338 20.956 25 84.0952 58.9267
50 35 1.40943 10 0.291339 0.862165 0 0 0.185002 5.99887 1 8.58976 0
461.351 423.895 0.627571 3565.05 0.713136 0.5 0.473404 61.9386 95.1509
154.245 137.198 3333.7 0.829255 0.5 0 0.5 0 0.244094 0.845393 1.81001
0 0.871348 1.11398 7.7334 0 0 0 0.814288 0.850001 0.385713 0.364285
0.364285 0.399999 0.521428 0.521428 0.385713 0.436508 0.332861 0.196128
0.630769 1 0.683761;
p55 68 4.589 0.5 0.109194 64 0.28863 0.5 0.0133389 84 0.5 0.0882717
71 0.5 0.339744 61 0.5 0.554262 100 367 -8.65475 0 6 744.088 176 50
87.5092 2.06452 3.55412 63.8245 194.656 13.6338 20.956 25 84.0952 58.9267
50 35 1.40943 10 0.291339 0.862165 0 0 0.185002 5.99887 1 8.58976 0
461.351 423.895 0.627571 2015.56 0.713136 0.5 2.65927e-06 61.9386 95.1509
154.245 137.198 3333.7 0.829255 0.5 0 0.5 0 0.244094 0.845393 1.81001
0 0.871348 1.11398 7.7334 0 0 0 0.814288 0.850001 0.385713 0.364285
0.364285 0.399999 0.521428 0.521428 0.385713 0.436508 0.332861 0.196128
0.630769 1 0.683761;
p54 68 4.589 0.5 0.109194 64 0.28863 0.5 0.0133389 84 0.5 0.0882717
71 0.5 0.339744 61 0.5 0.554262 100 367 -8.65475 0 6 744.088 176 50
87.5092 2.06452 3.55412 63.8245 194.656 13.6338 20.956 25 84.0952 58.9267
50 35 1.40943 10 0.291339 0.862165 0 0 0.185002 5.99887 1 8.58976 0
461.351 423.895 0.627571 2015.56 0.713136 0.5 2.65927e-06 61.9386 95.1509
154.245 137.198 3333.7 0.829255 0.5 0 0.5 0 0.244094 0.845393 1.81001
0 0.871348 1.11398 7.7334 0 0 0 0.814288 0.850001 0.385713 0.364285
0.364285 0.399999 0.521428 0.521428 0.385713 0.436508 0.332861 0.196128
0.630769 1 0.683761;
p44 68 13.3496 0.5 0.30477 64 8.06906 0.5 0.231772 84 0.5 0.146485
71 0.5 0.0993658 61 0.5 0.162089 100 367 -8.65474 0 5 744.088 176 50
87.5092 2.06452 3.55412 63.8245 194.656 13.6338 20.956 25 84.0952 58.9267
50 35 1.40943 10 0.291339 0.862165 0 0 12.2101 5.99887 0.804864 8.58976
0.195347 0.14574 912.931 1.12205 0.5 0 70.8962 0 61.9386 95.1509 154.245
137.198 3333.7 0.829255 0.5 0 0.817961 0 0.244094 0.845393 1.81001
0 0.871348 1.11398 7.7334 0 0 0 0.814288 0.850001 0.385713 0.364285
0.364285 0.399999 0.521428 0.521428 0.385713 0.436508 0.332861 0.196128
0.630769 1 0.683761;
p24 68 7.84021 0.5 0.251161 64 0.28863 0.5 0.227621 84 0.5 0.59159
71 0.5 0.305993 61 0.5 0.484491 100 367 -8.65475 0 6 744.088 176 50
87.5092 2.06452 3.55412 63.8245 194.656 13.6338 20.956 25 84.0952 58.9267
50 35 1.40943 10 0.291339 0.862165 0 0 0.185002 5.99887 1 8.58976 0
0.14574 912.931 1.12205 0.5 0 70.8962 0 61.9386 95.1509 154.245 137.198
3333.7 0.829255 0.5 0 0.817961 0 0.244094 0.845393 1.81001 0 0.871348
1.11398 7.7334 0 0 0 0.814288 0.850001 0.385713 0.364285 0.364285 0.399999
0.521428 0.521428 0.385713 0.436508 0.332861 0.196128 0.630769 1 0.683761
;
p14 68 7.84021 0.5 0.251161 64 0.28863 0.5 0.227621 84 0.5 0.59159
71 0.5 0.305993 61 0.5 0.484491 100 367 -8.65475 0 6 744.088 176 50
87.5092 2.06452 3.55412 63.8245 194.656 13.6338 20.956 25 84.0952 58.9267
50 35 1.40943 10 0.291339 0.862165 0 0 0.185002 5.99887 1 8.58976 0
0.14574 912.931 1.12205 0.5 0 70.8962 0 61.9386 95.1509 154.245 137.198
3333.7 0.829255 0.5 0 0.817961 0 0.244094 0.845393 1.81001 0 0.871348
1.11398 7.7334 0 0 0 0.814288 0.850001 0.385713 0.364285 0.364285 0.399999
0.521428 0.521428 0.385713 0.436508 0.332861 0.196128 0.630769 1 0.683761
;
p13 68 7.84021 0.5 0.251161 64 0.28863 0.5 0.227621 84 0.5 0.262025
71 0.5 0.580275 61 0.5 0.0300419 100 367 -8.65475 0 6 744.088 176 50
87.5092 2.06452 3.55412 63.8245 194.656 13.6338 20.956 25 84.0952 58.9267
50 35 1.40943 10 0.291339 0.862165 0 0 0.185002 5.99887 1 8.58976 0
0.14574 912.931 1.12205 0.5 0 70.8962 0 61.9386 95.1509 154.245 137.198
3333.7 0.829255 0.5 0 0.817961 0 0.244094 0.845393 1.81001 0 0.871348
1.11398 7.7334 0 0 0 0.814288 0.850001 0.385713 0.364285 0.364285 0.399999
0.521428 0.521428 0.385713 0.436508 0.332861 0.196128 0.630769 1 0.683761
;
p23 68 7.84021 0.5 0.251161 64 0.28863 0.5 0.227621 84 0.5 0.262025
71 0.5 0.580275 61 0.5 0.0300419 100 367 -8.65475 0 6 744.088 176 50
87.5092 2.06452 3.55412 63.8245 194.656 13.6338 20.956 25 84.0952 58.9267
50 35 1.40943 10 0.291339 0.862165 0 0 0.185002 5.99887 1 8.58976 0
0.14574 912.931 1.12205 0.5 0 70.8962 0 61.9386 95.1509 154.245 137.198
3333.7 0.829255 0.5 0 0.817961 0 0.244094 0.845393 1.81001 0 0.871348
1.11398 7.7334 0 0 0 0.814288 0.850001 0.385713 0.364285 0.364285 0.399999
0.521428 0.521428 0.385713 0.436508 0.332861 0.196128 0.630769 1 0.683761
;
p33 68 4.56546 0.5 0.174945 64 1.2954 0.5 0.243892 84 0.5 0.146485
71 0.5 0.0993658 61 0.5 0.162089 100 367 -8.65474 0 5 744.088 176 50
87.5092 2.06452 3.55412 63.8245 194.656 13.6338 20.956 25 84.0952 58.9267
50 35 1.40943 10 0.291339 0.862165 0 0 12.2101 5.99887 0.804864 8.58976
0.195347 0.14574 912.931 1.12205 0.5 0 70.8962 0 61.9386 95.1509 154.245
137.198 3333.7 0.829255 0.5 0 0.817961 0 0.244094 0.845393 1.81001
0 0.871348 1.11398 7.7334 0 0 0 0.814288 0.850001 0.385713 0.364285
0.364285 0.399999 0.521428 0.521428 0.385713 0.436508 0.332861 0.196128
0.630769 1 0.683761;
p43 68 13.3496 0.5 0.30477 64 8.06906 0.5 0.231772 84 0.5 0.146485
71 0.5 0.0993658 61 0.5 0.162089 100 367 -8.65474 0 5 744.088 176 50
87.5092 2.06452 3.55412 63.8245 194.656 13.6338 20.956 25 84.0952 58.9267
50 35 1.40943 10 0.291339 0.862165 0 0 12.2101 5.99887 0.804864 8.58976
0.195347 0.14574 912.931 1.12205 0.5 0 70.8962 0 61.9386 95.1509 154.245
137.198 3333.7 0.829255 0.5 0 0.817961 0 0.244094 0.845393 1.81001
0 0.871348 1.11398 7.7334 0 0 0 0.814288 0.850001 0.385713 0.364285
0.364285 0.399999 0.521428 0.521428 0.385713 0.436508 0.332861 0.196128
0.630769 1 0.683761;
p53 68 4.589 0.5 0.109194 64 0.28863 0.5 0.0133389 84 0.5 0.0882717
71 0.5 0.339744 61 0.5 0.554262 100 367 -8.65475 0 6 744.088 176 50
87.5092 2.06452 3.55412 63.8245 194.656 13.6338 20.956 25 84.0952 58.9267
50 35 1.40943 10 0.291339 0.862165 0 0 0.185002 5.99887 1 8.58976 0
461.351 423.895 0.627571 2015.56 0.713136 0.5 2.65927e-06 61.9386 95.1509
154.245 137.198 3333.7 0.829255 0.5 0 0.5 0 0.244094 0.845393 1.81001
0 0.871348 1.11398 7.7334 0 0 0 0.814288 0.850001 0.385713 0.364285
0.364285 0.399999 0.521428 0.521428 0.385713 0.436508 0.332861 0.196128
0.630769 1 0.683761;
p52 68 4.589 0.5 0.109194 64 0.28863 0.5 0.0133389 84 0.5 0.0882717
71 0.5 0.339744 61 0.5 0.554262 100 367 -8.65475 0 6 744.088 176 50
87.5092 2.06452 3.55412 63.8245 194.656 13.6338 20.956 25 84.0952 58.9267
50 35 1.40943 10 0.291339 0.862165 0 0 0.185002 5.99887 1 8.58976 0
461.351 423.895 0.627571 2015.56 0.713136 0.5 2.65927e-06 61.9386 95.1509
154.245 137.198 3333.7 0.829255 0.5 0 0.5 0 0.244094 0.845393 1.81001
0 0.871348 1.11398 7.7334 0 0 0 0.814288 0.850001 0.385713 0.364285
0.364285 0.399999 0.521428 0.521428 0.385713 0.436508 0.332861 0.196128
0.630769 1 0.683761;
p51 68 4.589 0.5 0.109194 64 0.28863 0.5 0.0133389 84 0.5 0.0882717
71 0.5 0.339744 61 0.5 0.554262 100 367 -8.65475 0 6 744.088 176 50
87.5092 2.06452 3.55412 63.8245 194.656 13.6338 20.956 25 84.0952 58.9267
50 35 1.40943 10 0.291339 0.862165 0 0 0.185002 5.99887 1 8.58976 0
461.351 423.895 0.627571 2015.56 0.713136 0.5 2.65927e-06 61.9386 95.1509
154.245 137.198 3333.7 0.829255 0.5 0 0.5 0 0.244094 0.845393 1.81001
0 0.871348 1.11398 7.7334 0 0 0 0.814288 0.850001 0.385713 0.364285
0.364285 0.399999 0.521428 0.521428 0.385713 0.436508 0.332861 0.196128
0.630769 1 0.683761;
p42 68 4.589 0.5 0.250351 64 0.28863 0.5 0.0133389 84 0.5 0.0882717
71 0.5 0.033274 61 0.5 0.0300419 100 367 -8.65475 0 6 744.088 176 50
87.5092 2.06452 3.55412 63.8245 194.656 13.6338 20.956 25 84.0952 58.9267
50 35 1.40943 10 0.291339 0.862165 0 0 0.185002 5.99887 1 8.58976 0
0.14574 912.931 1.12205 0.5 0 70.8962 0 61.9386 95.1509 154.245 137.198
3333.7 0.829255 0.5 0 0.817961 0 0.244094 0.845393 1.81001 0 0.871348
1.11398 7.7334 0 0 0 0.814288 0.850001 0.385713 0.364285 0.364285 0.399999
0.521428 0.521428 0.385713 0.436508 0.332861 0.196128 0.630769 1 0.683761
;
p41 68 4.589 0.5 0.250351 64 0.28863 0.5 0.0133389 84 0.5 0.0882717
71 0.5 0.033274 61 0.5 0.0300419 100 367 -8.65475 0 6 744.088 176 50
87.5092 2.06452 3.55412 63.8245 194.656 13.6338 20.956 25 84.0952 58.9267
50 35 1.40943 10 0.291339 0.862165 0 0 0.185002 5.99887 1 8.58976 0
0.14574 912.931 1.12205 0.5 0 70.8962 0 61.9386 95.1509 154.245 137.198
3333.7 0.829255 0.5 0 0.817961 0 0.244094 0.845393 1.81001 0 0.871348
1.11398 7.7334 0 0 0 0.814288 0.850001 0.385713 0.364285 0.364285 0.399999
0.521428 0.521428 0.385713 0.436508 0.332861 0.196128 0.630769 1 0.683761
;
p32 68 4.589 0.5 0.250351 64 0.28863 0.5 0.0133389 84 0.5 0.0882717
71 0.5 0.033274 61 0.5 0.0300419 100 367 -8.65475 0 6 744.088 176 50
87.5092 2.06452 3.55412 63.8245 194.656 13.6338 20.956 25 84.0952 58.9267
50 35 1.40943 10 0.291339 0.862165 0 0 0.185002 5.99887 1 8.58976 0
0.14574 912.931 1.12205 0.5 0 70.8962 0 61.9386 95.1509 154.245 137.198
3333.7 0.829255 0.5 0 0.817961 0 0.244094 0.845393 1.81001 0 0.871348
1.11398 7.7334 0 0 0 0.814288 0.850001 0.385713 0.364285 0.364285 0.399999
0.521428 0.521428 0.385713 0.436508 0.332861 0.196128 0.630769 1 0.683761
;
p31 68 4.589 0.5 0.250351 64 0.28863 0.5 0.0133389 84 0.5 0.0882717
71 0.5 0.033274 61 0.5 0.0300419 100 367 -8.65475 0 6 744.088 176 50
87.5092 2.06452 3.55412 63.8245 194.656 13.6338 20.956 25 84.0952 58.9267
50 35 1.40943 10 0.291339 0.862165 0 0 0.185002 5.99887 1 8.58976 0
0.14574 912.931 1.12205 0.5 0 70.8962 0 61.9386 95.1509 154.245 137.198
3333.7 0.829255 0.5 0 0.817961 0 0.244094 0.845393 1.81001 0 0.871348
1.11398 7.7334 0 0 0 0.814288 0.850001 0.385713 0.364285 0.364285 0.399999
0.521428 0.521428 0.385713 0.436508 0.332861 0.196128 0.630769 1 0.683761
;
p22 68 8.42391 0.5 0.436275 64 0.28863 0.5 0.360466 84 0.5 0.0882717
71 0.5 0.033274 61 0.5 0.0300419 100 367 -8.65475 0 6 744.088 176 50
87.5092 2.06452 3.55412 63.8245 194.656 13.6338 20.956 25 84.0952 58.9267
50 35 1.40943 10 0.291339 0.862165 0 0 0.185002 5.99887 1 8.58976 0
0.14574 912.931 1.12205 0.5 0 70.8962 0 61.9386 95.1509 154.245 137.198
3333.7 0.829255 0.5 0 0.817961 0 0.244094 0.845393 1.81001 0 0.871348
1.11398 7.7334 0 0 0 0.814288 0.850001 0.385713 0.364285 0.364285 0.399999
0.521428 0.521428 0.385713 0.436508 0.332861 0.196128 0.630769 1 0.683761
;
p21 68 8.42391 0.5 0.436275 64 0.28863 0.5 0.360466 84 0.5 0.0882717
71 0.5 0.033274 61 0.5 0.0300419 100 367 -8.65475 0 6 744.088 176 50
87.5092 2.06452 3.55412 63.8245 194.656 13.6338 20.956 25 84.0952 58.9267
50 35 1.40943 10 0.291339 0.862165 0 0 0.185002 5.99887 1 8.58976 0
0.14574 912.931 1.12205 0.5 0 70.8962 0 61.9386 95.1509 154.245 137.198
3333.7 0.829255 0.5 0 0.817961 0 0.244094 0.845393 1.81001 0 0.871348
1.11398 7.7334 0 0 0 0.814288 0.850001 0.385713 0.364285 0.364285 0.399999
0.521428 0.521428 0.385713 0.436508 0.332861 0.196128 0.630769 1 0.683761
;
p12 68 8.42391 0.5 0.436275 64 0.28863 0.5 0.360466 84 0.5 0.340165
71 0.5 0.033274 61 0.5 0.0300419 100 367 -8.65475 0 6 744.088 176 50
87.5092 2.06452 3.55412 63.8245 194.656 13.6338 20.956 25 84.0952 58.9267
50 35 1.40943 10 0.291339 0.862165 0 0 0.185002 5.99887 1 8.58976 0
0.14574 912.931 1.12205 0.5 0 70.8962 0 61.9386 95.1509 154.245 137.198
3333.7 0.829255 0.5 0 0.817961 0 0.244094 0.845393 1.81001 0 0.871348
1.11398 7.7334 0 0 0 0.814288 0.850001 0.385713 0.364285 0.364285 0.399999
0.521428 0.521428 0.385713 0.436508 0.332861 0.196128 0.630769 1 0.683761
;
p11 68 8.42391 0.5 0.436275 64 0.28863 0.5 0.360466 84 0.5 0.340165
71 0.5 0.033274 61 0.5 0.0300419 100 367 -8.65475 0 6 744.088 176 50
87.5092 2.06452 3.55412 63.8245 194.656 13.6338 20.956 25 84.0952 58.9267
50 35 1.40943 10 0.291339 0.862165 0 0 0.185002 5.99887 1 8.58976 0
0.14574 912.931 1.12205 0.5 0 70.8962 0 61.9386 95.1509 154.245 137.198
3333.7 0.829255 0.5 0 0.817961 0 0.244094 0.845393 1.81001 0 0.871348
1.11398 7.7334 0 0 0 0.814288 0.850001 0.385713 0.364285 0.364285 0.399999
0.521428 0.521428 0.385713 0.436508 0.332861 0.196128 0.630769 1 0.683761
;
glide 228.994;
color-cp17 -6.062e+06;
color-cp16 -6.062e+06;
color-cp15 -4.80348e+06;
color-cp14 -8.93764e+06;
color-cp13 -8.96294e+06;
color-cp12 -8.96302e+06;
color-cp11 -8.96302e+06;
color-cp37 -1.56524e+07;
color-cp36 -1.56524e+07;
color-cp35 -8.93216e+06;
color-cp34 -8.93216e+06;
color-cp33 -8.93216e+06;
color-cp32 -8.94185e+06;
color-cp31 -8.94185e+06;
color-cp57 -1.25455e+07;
color-cp56 -1.25455e+07;
color-cp55 -1.25455e+07;
color-cp54 -1.25455e+07;
color-cp53 -1.25455e+07;
color-cp52 -1.25455e+07;
color-cp51 -1.25455e+07;
color-cp41 -8.94185e+06;
color-cp42 -8.94185e+06;
color-cp43 -4.47339e+06;
color-cp44 -4.47339e+06;
color-cp45 -1.56349e+07;
color-cp46 -1.56349e+07;
color-cp47 -1.56349e+07;
color-cp21 -8.94248e+06;
color-cp22 -8.94248e+06;
color-cp23 -8.96294e+06;
color-cp24 -8.93764e+06;
color-cp25 -4.80348e+06;
color-cp26 -6.062e+06;
color-cp27 -6.062e+06;
preset_name shuffling_silver;
gens-ctl-2 1;
gens-waveform-2 2;
gens-ctl-3 1;
gens-waveform-3 3;
aniosc-ctl-2 1;
aniosc-wave-2 5;
LFO-ctrl-2 0;
LFO-waveform-2 3;
LFO-am-fm-phase-2 0;
LFO-ctrl-3 0;
LFO-waveform-3 0;
LFO-am-fm-phase-3 0;
granulate-sample-2 bells_1.wav;
granulate-start-2 1;
granulate-ctrl-2 1;
granulate-sample-1 bells_2.wav;
granulate-start-1 1;
granulate-ctrl-1 1;
gens-ctl-1 1;
gens-waveform-1 2;
LFO-ctrl-1 0;
LFO-waveform-1 0;
LFO-am-fm-phase-1 0;
FM-invertt-5 0;
lfo-FM-amt-5 33;
lfo-FM-5 0;
lfo-AM-5 0;
lfo-route-dest-5 0;
lfo-FM-amt-4 128;
FM-invertt-4 0;
lfo-FM-4 0;
lfo-AM-4 0;
lfo-route-dest-4 0;
main-adsr 0.814288 0.850001 0.385713 0.364285 0.364285;
adsr-amp-ctrl 1;
main-adsr-mode 1;
adsr-2 0.332861 0.196128 0.630769 1 0.683761;
adsr-2-ctrl 1;
adsr-1 0.399999 0.521428 0.521428 0.385713 0.436508;
adsr-1-ctrl 1;
lfo-FM-3 0;
lfo-AM-3 0;
lfo-route-dest-3 0;
lfo-FM-2 0;
lfo-AM-2 5;
lfo-route-dest-2 2;
aniosc-ctl-1 1;
aniosc-wave-1 14;
delay-ctrl 1;
reso-lvl-ctrl 1;
reso-pitch-ctrl 1;
crush-ctrl 1;
extreme-drive 0;
drive-ctrl 1;
filter-ctrl 1;
lfo-FM-1 0;
lfo-AM-1 1;
lfo-route-dest-1 2;
main-mix-ctrl 1;
