gens-ctl-2 1;
gens-waveform-2 2;
gens-ctl-3 1;
gens-waveform-3 5;
aniosc-ctl-2 1;
aniosc-wave-2 6;
p34 30.7272 12.9661 0.5 1 30.7357 4.83051 0.5 0.9964 48 0.5 2.49303e-06
48 0.5 7.94562e-06 48 0.5 0.00760077 76.1912 0 0 1.21147 16 328.195
8.20496 50 23.8033 2.01657 1.70938 81.6216 40.6739 0 0 15 322.813 6.1712
50 21.6393 2.02767 2.07124 52.2757 0.637555 0.503654 0.553312 53.8762
0.411735 0.5958 8.15517 0.993299 451.057 862.785 1.09796 3592.2 0.94938
0.5 0 67 65 60 84 50 67 4997.48 0.989851 0.505829 0 0.995342 0 0 0
0 0 0 0 0 0 0 0 0 0 0 0 0 0 0 0 0 0 0 0 0;
p17 29.3348 3.9831 0.5 0.361378 29.3482 10.2542 0.5 0.265333 48 0.5
2.49303e-06 48 0.5 7.94562e-06 48 0.5 0.00760077 76.1912 0 0 1.21147
15 328.195 8.20496 50 23.8033 2.01657 1.70938 81.6216 40.6739 0 0 15
322.813 6.1712 50 21.6393 2.02767 2.07124 0.365663 0.243321 0.0425614
2.7186e-06 34.8059 0.405537 0.628595 8.15517 0.994199 451.057 862.785
1.09796 3424.5 0.94938 0.5 0 67 65 60 84 50 67 4997.48 0.989851 0.505829
0 0.989634 0 0 0 0 0 0 0 0 0 0 0 0 0 0 0 0 0 0 0 0 0 0 0 0;
p27 29.3348 3.9831 0.5 0.361378 29.3482 10.2542 0.5 0.265333 48 0.5
2.49303e-06 48 0.5 7.94562e-06 48 0.5 0.00760077 76.1912 0 0 1.21147
15 328.195 8.20496 50 23.8033 2.01657 1.70938 81.6216 40.6739 0 0 15
322.813 6.1712 50 21.6393 2.02767 2.07124 0.365663 0.243321 0.0425614
2.7186e-06 34.8059 0.405537 0.628595 8.15517 0.994199 451.057 862.785
1.09796 3424.5 0.94938 0.5 0 67 65 60 84 50 67 4997.48 0.989851 0.505829
0 0.989634 0 0 0 0 0 0 0 0 0 0 0 0 0 0 0 0 0 0 0 0 0 0 0 0;
p37 29.3348 3.9831 0.5 0.361378 29.3482 10.2542 0.5 0.265333 48 0.5
2.49303e-06 48 0.5 7.94562e-06 48 0.5 0.00760077 76.1912 0 0 1.21147
15 328.195 8.20496 50 23.8033 2.01657 1.70938 81.6216 40.6739 0 0 15
322.813 6.1712 50 21.6393 2.02767 2.07124 0.365663 0.243321 0.0425614
2.7186e-06 34.8059 0.405537 0.628595 8.15517 0.994199 451.057 862.785
1.09796 3424.5 0.94938 0.5 0 67 65 60 84 50 67 4997.48 0.989851 0.505829
0 0.989634 0 0 0 0 0 0 0 0 0 0 0 0 0 0 0 0 0 0 0 0 0 0 0 0;
p47 29.3348 3.9831 0.5 0.361378 29.3482 10.2542 0.5 0.265333 48 0.5
2.49303e-06 48 0.5 7.94562e-06 48 0.5 0.00760077 76.1912 0 0 1.21147
15 328.195 8.20496 50 23.8033 2.01657 1.70938 81.6216 40.6739 0 0 15
322.813 6.1712 50 21.6393 2.02767 2.07124 0.365663 0.243321 0.0425614
2.7186e-06 34.8059 0.405537 0.628595 8.15517 0.994199 451.057 862.785
1.09796 3424.5 0.94938 0.5 0 67 65 60 84 50 67 4997.48 0.989851 0.505829
0 0.989634 0 0 0 0 0 0 0 0 0 0 0 0 0 0 0 0 0 0 0 0 0 0 0 0;
p57 32 3.9831 0.5 0 32 10.2542 0.5 -0.096045 48 0.5 2.49303e-06 48
0.5 7.94562e-06 48 0.5 0.00760077 76.1912 0 0 1.21147 16 328.195 8.20496
50 23.8033 2.01657 1.70938 81.6216 40.6739 0 0 15 322.813 6.1712 50
21.6393 2.02767 2.07124 0.365663 0.243321 0.0425614 2.7186e-06 48.0201
0.512857 0.206671 8.15517 0.982617 451.057 862.785 1.09796 3424.5 0.94938
0.5 0 67 65 60 84 50 67 4997.48 0.989851 0.505829 0 0.989634 0 0 0
0 0 0 0 0 0 0 0 0 0 0 0 0 0 0 0 0 0 0 0 0;
p56 32 3.9831 0.5 0 32 10.2542 0.5 -0.096045 48 0.5 2.49303e-06 48
0.5 7.94562e-06 48 0.5 0.00760077 76.1912 0 0 1.21147 16 328.195 8.20496
50 23.8033 2.01657 1.70938 81.6216 40.6739 0 0 15 322.813 6.1712 50
21.6393 2.02767 2.07124 0.365663 0.243321 0.0425614 2.7186e-06 48.0201
0.512857 0.206671 8.15517 0.982617 451.057 862.785 1.09796 3424.5 0.94938
0.5 0 67 65 60 84 50 67 4997.48 0.989851 0.505829 0 0.989634 0 0 0
0 0 0 0 0 0 0 0 0 0 0 0 0 0 0 0 0 0 0 0 0;
p46 32 3.9831 0.5 0 32 10.2542 0.5 -0.096045 48 0.5 2.49303e-06 48
0.5 7.94562e-06 48 0.5 0.00760077 76.1912 0 0 1.21147 16 328.195 8.20496
50 23.8033 2.01657 1.70938 81.6216 40.6739 0 0 15 322.813 6.1712 50
21.6393 2.02767 2.07124 0.365663 0.243321 0.0425614 2.7186e-06 48.0201
0.512857 0.206671 8.15517 0.982617 451.057 862.785 1.09796 3424.5 0.94938
0.5 0 67 65 60 84 50 67 4997.48 0.989851 0.505829 0 0.989634 0 0 0
0 0 0 0 0 0 0 0 0 0 0 0 0 0 0 0 0 0 0 0 0;
p36 29.5373 3.9831 0.5 0.542373 29.5573 10.2542 0.5 0.446328 48 0.5
2.49303e-06 48 0.5 7.94562e-06 48 0.5 0.00760077 76.1912 0 0 1.21147
16 328.195 8.20496 50 23.8033 2.01657 1.70938 81.6216 40.6739 0 0 15
322.813 6.1712 50 21.6393 2.02767 2.07124 0.365663 0.243321 0.0425614
2.7186e-06 29.3591 0.351786 0.839914 8.15517 1 451.057 862.785 1.09796
3487.16 0.94938 0.5 0 67 65 60 84 50 67 4997.48 0.989851 0.505829 0
0.989634 0 0 0 0 0 0 0 0 0 0 0 0 0 0 0 0 0 0 0 0 0 0 0 0;
p26 29.5373 3.9831 0.5 0.542373 29.5573 10.2542 0.5 0.446328 48 0.5
2.49303e-06 48 0.5 7.94562e-06 48 0.5 0.00760077 76.1912 0 0 1.21147
16 328.195 8.20496 50 23.8033 2.01657 1.70938 81.6216 40.6739 0 0 15
322.813 6.1712 50 21.6393 2.02767 2.07124 0.365663 0.243321 0.0425614
2.7186e-06 29.3591 0.351786 0.839914 8.15517 1 451.057 862.785 1.09796
3487.16 0.94938 0.5 0 67 65 60 84 50 67 4997.48 0.989851 0.505829 0
0.989634 0 0 0 0 0 0 0 0 0 0 0 0 0 0 0 0 0 0 0 0 0 0 0 0;
p16 29.5373 3.9831 0.5 0.542373 29.5573 10.2542 0.5 0.446328 48 0.5
2.49303e-06 48 0.5 7.94562e-06 48 0.5 0.00760077 76.1912 0 0 1.21147
16 328.195 8.20496 50 23.8033 2.01657 1.70938 81.6216 40.6739 0 0 15
322.813 6.1712 50 21.6393 2.02767 2.07124 0.365663 0.243321 0.0425614
2.7186e-06 29.3591 0.351786 0.839914 8.15517 1 451.057 862.785 1.09796
3487.16 0.94938 0.5 0 67 65 60 84 50 67 4997.48 0.989851 0.505829 0
0.989634 0 0 0 0 0 0 0 0 0 0 0 0 0 0 0 0 0 0 0 0 0 0 0 0;
p15 28.3011 3.9831 0.5 0.507947 28.2798 10.2542 0.5 0.411902 48 0.5
2.49303e-06 48 0.5 7.94562e-06 48 0.5 0.00760077 76.1912 0 0 1.21147
16 328.195 8.20496 50 23.8033 2.01657 1.70938 81.6216 40.6739 0 0 15
322.813 6.1712 50 21.6393 2.02767 2.07124 0.365663 0.243321 0.0425614
2.7186e-06 43.2801 0.358081 0.799721 8.15517 0.998897 451.057 862.785
1.09796 3487.16 0.94938 0.5 0 67 65 60 84 50 67 4997.48 0.989851 0.505829
0 0.989634 0 0 0 0 0 0 0 0 0 0 0 0 0 0 0 0 0 0 0 0 0 0 0 0;
p25 28.3011 3.9831 0.5 0.507947 28.2798 10.2542 0.5 0.411902 48 0.5
2.49303e-06 48 0.5 7.94562e-06 48 0.5 0.00760077 76.1912 0 0 1.21147
16 328.195 8.20496 50 23.8033 2.01657 1.70938 81.6216 40.6739 0 0 15
322.813 6.1712 50 21.6393 2.02767 2.07124 0.365663 0.243321 0.0425614
2.7186e-06 43.2801 0.358081 0.799721 8.15517 0.998897 451.057 862.785
1.09796 3487.16 0.94938 0.5 0 67 65 60 84 50 67 4997.48 0.989851 0.505829
0 0.989634 0 0 0 0 0 0 0 0 0 0 0 0 0 0 0 0 0 0 0 0 0 0 0 0;
p35 28.3011 3.9831 0.5 0.507947 28.2798 10.2542 0.5 0.411902 48 0.5
2.49303e-06 48 0.5 7.94562e-06 48 0.5 0.00760077 76.1912 0 0 1.21147
16 328.195 8.20496 50 23.8033 2.01657 1.70938 81.6216 40.6739 0 0 15
322.813 6.1712 50 21.6393 2.02767 2.07124 0.365663 0.243321 0.0425614
2.7186e-06 43.2801 0.358081 0.799721 8.15517 0.998897 451.057 862.785
1.09796 3487.16 0.94938 0.5 0 67 65 60 84 50 67 4997.48 0.989851 0.505829
0 0.989634 0 0 0 0 0 0 0 0 0 0 0 0 0 0 0 0 0 0 0 0 0 0 0 0;
p45 32 3.9831 0.5 0 32 10.2542 0.5 -0.096045 48 0.5 2.49303e-06 48
0.5 7.94562e-06 48 0.5 0.00760077 76.1912 0 0 1.21147 16 328.195 8.20496
50 23.8033 2.01657 1.70938 81.6216 40.6739 0 0 15 322.813 6.1712 50
21.6393 2.02767 2.07124 0.365663 0.243321 0.0425614 2.7186e-06 48.0201
0.512857 0.206671 8.15517 0.982617 451.057 862.785 1.09796 3424.5 0.94938
0.5 0 67 65 60 84 50 67 4997.48 0.989851 0.505829 0 0.989634 0 0 0
0 0 0 0 0 0 0 0 0 0 0 0 0 0 0 0 0 0 0 0 0;
p55 32 3.9831 0.5 0 32 10.2542 0.5 -0.096045 48 0.5 2.49303e-06 48
0.5 7.94562e-06 48 0.5 0.00760077 76.1912 0 0 1.21147 16 328.195 8.20496
50 23.8033 2.01657 1.70938 81.6216 40.6739 0 0 15 322.813 6.1712 50
21.6393 2.02767 2.07124 0.365663 0.243321 0.0425614 2.7186e-06 48.0201
0.512857 0.206671 8.15517 0.982617 451.057 862.785 1.09796 3424.5 0.94938
0.5 0 67 65 60 84 50 67 4997.48 0.989851 0.505829 0 0.989634 0 0 0
0 0 0 0 0 0 0 0 0 0 0 0 0 0 0 0 0 0 0 0 0;
p54 32 3.9831 0.5 0 32 10.2542 0.5 -0.096045 48 0.5 2.49303e-06 48
0.5 7.94562e-06 48 0.5 0.00760077 76.1912 0 0 1.21147 16 328.195 8.20496
50 23.8033 2.01657 1.70938 81.6216 40.6739 0 0 15 322.813 6.1712 50
21.6393 2.02767 2.07124 0.365663 0.243321 0.0425614 2.7186e-06 48.0201
0.512857 0.206671 8.15517 0.982617 451.057 862.785 1.09796 3424.5 0.94938
0.5 0 67 65 60 84 50 67 4997.48 0.989851 0.505829 0 0.989634 0 0 0
0 0 0 0 0 0 0 0 0 0 0 0 0 0 0 0 0 0 0 0 0;
p44 32 3.9831 0.5 0 32 10.2542 0.5 -0.096045 48 0.5 2.49303e-06 48
0.5 7.94562e-06 48 0.5 0.00760077 76.1912 0 0 1.21147 16 328.195 8.20496
50 23.8033 2.01657 1.70938 81.6216 40.6739 0 0 15 322.813 6.1712 50
21.6393 2.02767 2.07124 0.365663 0.243321 0.0425614 2.7186e-06 48.0201
0.512857 0.206671 8.15517 0.982617 451.057 862.785 1.09796 3424.5 0.94938
0.5 0 67 65 60 84 50 67 4997.48 0.989851 0.505829 0 0.989634 0 0 0
0 0 0 0 0 0 0 0 0 0 0 0 0 0 0 0 0 0 0 0 0;
p24 30.3403 3.9831 0.5 0.819209 30.3593 10.2542 0.5 0.926554 48 0.5
2.49302e-06 48 0.5 7.94562e-06 48 0.5 0.00760077 76.1912 0 0 1.21147
16 328.195 8.20496 50 23.8033 2.01657 1.70938 81.6216 40.6739 0 0 15
322.813 6.1712 50 21.6393 2.02767 2.07124 94.1828 0.955821 0.875896
1 59.4247 0.356902 0.807245 8.15517 0.999103 451.057 862.785 1.09796
3600.07 0.94938 0.5 0 67 65 60 84 50 67 4997.48 0.989851 0.505829 0
0.99995 0 0 0 0 0 0 0 0 0 0 0 0 0 0 0 0 0 0 0 0 0 0 0 0;
p14 30.1366 3.9831 0.5 0.788122 30.1516 10.2542 0.5 0.875153 48 0.5
2.49302e-06 48 0.5 0.389532 48 0.5 0.00760077 76.1912 0 0 1.21147 15
328.195 8.20496 50 23.8033 2.01657 1.70938 81.6216 40.6739 0 0 14 322.813
6.1712 50 21.6393 2.02767 2.07124 84.8128 0.88466 0.792667 0.900125
57.8123 0.35702 0.806493 8.15517 0.999083 451.057 862.785 1.09796 3654.47
0.94938 0.5 0 67 65 60 84 50 67 4997.48 0.989851 0.505829 0 0.99892
0 0 0 0 0 0 0 0 0 0 0 0 0 0 0 0 0 0 0 0 0 0 0 0;
p13 30.25 3.9831 0.5 0.542373 30.27 10.2542 0.5 0.446328 48 0.5 2.49303e-06
48 0.5 7.94562e-06 48 0.5 0.00760077 76.1912 0 0 1.21147 16 328.195
8.20496 50 23.8033 2.01657 1.70938 81.6216 40.6739 0 0 15 322.813 6.1712
50 21.6393 2.02767 2.07124 0.365663 0.243321 0.0425614 2.7186e-06 40.162
0.351786 0.839914 8.15517 1 451.057 862.785 1.09796 3424.5 0.94938
0.5 0 67 65 60 84 50 67 4997.48 0.989851 0.505829 0 0.989634 0 0 0
0 0 0 0 0 0 0 0 0 0 0 0 0 0 0 0 0 0 0 0 0;
p23 30.25 3.9831 0.5 0.542373 30.27 10.2542 0.5 0.446328 48 0.5 2.49303e-06
48 0.5 7.94562e-06 48 0.5 0.00760077 76.1912 0 0 1.21147 16 328.195
8.20496 50 23.8033 2.01657 1.70938 81.6216 40.6739 0 0 15 322.813 6.1712
50 21.6393 2.02767 2.07124 0.365663 0.243321 0.0425614 2.7186e-06 40.162
0.351786 0.839914 8.15517 1 451.057 862.785 1.09796 3424.5 0.94938
0.5 0 67 65 60 84 50 67 4997.48 0.989851 0.505829 0 0.989634 0 0 0
0 0 0 0 0 0 0 0 0 0 0 0 0 0 0 0 0 0 0 0 0;
p33 30.25 3.9831 0.5 0.542373 30.27 10.2542 0.5 0.446328 48 0.5 2.49303e-06
48 0.5 7.94562e-06 48 0.5 0.00760077 76.1912 0 0 1.21147 16 328.195
8.20496 50 23.8033 2.01657 1.70938 81.6216 40.6739 0 0 15 322.813 6.1712
50 21.6393 2.02767 2.07124 0.365663 0.243321 0.0425614 2.7186e-06 40.162
0.351786 0.839914 8.15517 1 451.057 862.785 1.09796 3424.5 0.94938
0.5 0 67 65 60 84 50 67 4997.48 0.989851 0.505829 0 0.989634 0 0 0
0 0 0 0 0 0 0 0 0 0 0 0 0 0 0 0 0 0 0 0 0;
p43 32 3.9831 0.5 0 32 10.2542 0.5 -0.096045 48 0.5 2.49303e-06 48
0.5 7.94562e-06 48 0.5 0.00760077 76.1912 0 0 1.21147 16 328.195 8.20496
50 23.8033 2.01657 1.70938 81.6216 40.6739 0 0 15 322.813 6.1712 50
21.6393 2.02767 2.07124 0.365663 0.243321 0.0425614 2.7186e-06 48.0201
0.512857 0.206671 8.15517 0.982617 451.057 862.785 1.09796 3424.5 0.94938
0.5 0 67 65 60 84 50 67 4997.48 0.989851 0.505829 0 0.989634 0 0 0
0 0 0 0 0 0 0 0 0 0 0 0 0 0 0 0 0 0 0 0 0;
p53 32 3.9831 0.5 0 32 10.2542 0.5 -0.096045 48 0.5 2.49303e-06 48
0.5 7.94562e-06 48 0.5 0.00760077 76.1912 0 0 1.21147 16 328.195 8.20496
50 23.8033 2.01657 1.70938 81.6216 40.6739 0 0 15 322.813 6.1712 50
21.6393 2.02767 2.07124 0.365663 0.243321 0.0425614 2.7186e-06 48.0201
0.512857 0.206671 8.15517 0.982617 451.057 862.785 1.09796 3424.5 0.94938
0.5 0 67 65 60 84 50 67 4997.48 0.989851 0.505829 0 0.989634 0 0 0
0 0 0 0 0 0 0 0 0 0 0 0 0 0 0 0 0 0 0 0 0;
p52 32 3.9831 0.5 0 32 10.2542 0.5 -0.096045 48 0.5 2.49303e-06 48
0.5 7.94562e-06 48 0.5 0.00760077 76.1912 0 0 1.21147 16 328.195 8.20496
50 23.8033 2.01657 1.70938 81.6216 40.6739 0 0 15 322.813 6.1712 50
21.6393 2.02767 2.07124 0.365663 0.243321 0.0425614 2.7186e-06 48.0201
0.512857 0.206671 8.15517 0.982617 451.057 862.785 1.09796 3424.5 0.94938
0.5 0 67 65 60 84 50 67 4997.48 0.989851 0.505829 0 0.989634 0 0 0
0 0 0 0 0 0 0 0 0 0 0 0 0 0 0 0 0 0 0 0 0;
p51 32 3.9831 0.5 0 32 10.2542 0.5 -0.096045 48 0.5 2.49303e-06 48
0.5 7.94562e-06 48 0.5 0.00760077 76.1912 0 0 1.21147 16 328.195 8.20496
50 23.8033 2.01657 1.70938 81.6216 40.6739 0 0 15 322.813 6.1712 50
21.6393 2.02767 2.07124 0.365663 0.243321 0.0425614 2.7186e-06 48.0201
0.512857 0.206671 8.15517 0.982617 451.057 862.785 1.09796 3424.5 0.94938
0.5 0 67 65 60 84 50 67 4997.48 0.989851 0.505829 0 0.989634 0 0 0
0 0 0 0 0 0 0 0 0 0 0 0 0 0 0 0 0 0 0 0 0;
p42 32 3.9831 0.5 0 32 10.2542 0.5 -0.096045 48 0.5 2.49303e-06 48
0.5 7.94562e-06 48 0.5 0.00760077 76.1912 0 0 1.21147 16 328.195 8.20496
50 23.8033 2.01657 1.70938 81.6216 40.6739 0 0 15 322.813 6.1712 50
21.6393 2.02767 2.07124 0.365663 0.243321 0.0425614 2.7186e-06 48.0201
0.512857 0.206671 8.15517 0.982617 451.057 862.785 1.09796 3424.5 0.94938
0.5 0 67 65 60 84 50 67 4997.48 0.989851 0.505829 0 0.989634 0 0 0
0 0 0 0 0 0 0 0 0 0 0 0 0 0 0 0 0 0 0 0 0;
p41 28.539 3.9831 0.5 0.33898 28.3052 10.2542 0.5 0.384181 48 0.5 2.49303e-06
48 0.5 7.94562e-06 48 0.5 0.00760077 76.1912 0 0 1.21147 16 328.195
8.20496 50 23.8033 2.01657 1.70938 81.6216 40.6739 0 0 14 322.813 6.1712
50 21.6393 2.02767 2.07124 0.365663 0.243321 0.0425614 2.7186e-06 48.7114
0.697929 0.791604 8.15517 0.998674 451.057 862.785 1.09796 3487.16
0.94938 0.5 0 67 65 60 84 50 67 4997.48 0.989851 0.505829 0 0.989634
0 0 0 0 0 0 0 0 0 0 0 0 0 0 0 0 0 0 0 0 0 0 0 0;
p32 29.5615 3.9831 0.5 0.542373 29.5815 10.2542 0.5 0.446328 48 0.5
2.49303e-06 48 0.5 7.94562e-06 48 0.5 0.00760077 76.1912 0 0 1.21147
16 328.195 8.20496 50 23.8033 2.01657 1.70938 81.6216 40.6739 0 0 15
322.813 6.1712 50 21.6393 2.02767 2.07124 0.365663 0.243321 0.0425614
2.7186e-06 41.3256 0.351786 0.839914 8.15517 1 451.057 862.785 1.09796
3487.16 0.94938 0.5 0 67 65 60 84 50 67 4997.48 0.989851 0.505829 0
0.989634 0 0 0 0 0 0 0 0 0 0 0 0 0 0 0 0 0 0 0 0 0 0 0 0;
p31 28.539 3.9831 0.5 0.33898 28.3052 10.2542 0.5 0.384181 48 0.5 2.49303e-06
48 0.5 7.94562e-06 48 0.5 0.00760077 76.1912 0 0 1.21147 16 328.195
8.20496 50 23.8033 2.01657 1.70938 81.6216 40.6739 0 0 14 322.813 6.1712
50 21.6393 2.02767 2.07124 0.365663 0.243321 0.0425614 2.7186e-06 48.7114
0.697929 0.791604 8.15517 0.998674 451.057 862.785 1.09796 3487.16
0.94938 0.5 0 67 65 60 84 50 67 4997.48 0.989851 0.505829 0 0.989634
0 0 0 0 0 0 0 0 0 0 0 0 0 0 0 0 0 0 0 0 0 0 0 0;
p22 29.5615 3.9831 0.5 0.542373 29.5815 10.2542 0.5 0.446328 48 0.5
2.49303e-06 48 0.5 7.94562e-06 48 0.5 0.00760077 76.1912 0 0 1.21147
16 328.195 8.20496 50 23.8033 2.01657 1.70938 81.6216 40.6739 0 0 15
322.813 6.1712 50 21.6393 2.02767 2.07124 0.365663 0.243321 0.0425614
2.7186e-06 41.3256 0.351786 0.839914 8.15517 1 451.057 862.785 1.09796
3487.16 0.94938 0.5 0 67 65 60 84 50 67 4997.48 0.989851 0.505829 0
0.989634 0 0 0 0 0 0 0 0 0 0 0 0 0 0 0 0 0 0 0 0 0 0 0 0;
p21 28.539 3.9831 0.5 0.33898 28.3052 10.2542 0.5 0.384181 48 0.5 2.49303e-06
48 0.5 7.94562e-06 48 0.5 0.00760077 76.1912 0 0 1.21147 16 328.195
8.20496 50 23.8033 2.01657 1.70938 81.6216 40.6739 0 0 14 322.813 6.1712
50 21.6393 2.02767 2.07124 0.365663 0.243321 0.0425614 2.7186e-06 48.7114
0.697929 0.791604 8.15517 0.998674 451.057 862.785 1.09796 3487.16
0.94938 0.5 0 67 65 60 84 50 67 4997.48 0.989851 0.505829 0 0.989634
0 0 0 0 0 0 0 0 0 0 0 0 0 0 0 0 0 0 0 0 0 0 0 0;
p12 29.5615 3.9831 0.5 0.542373 29.5815 10.2542 0.5 0.446328 48 0.5
2.49303e-06 48 0.5 7.94562e-06 48 0.5 0.00760077 76.1912 0 0 1.21147
16 328.195 8.20496 50 23.8033 2.01657 1.70938 81.6216 40.6739 0 0 15
322.813 6.1712 50 21.6393 2.02767 2.07124 0.365663 0.243321 0.0425614
2.7186e-06 41.3256 0.351786 0.839914 8.15517 1 451.057 862.785 1.09796
3487.16 0.94938 0.5 0 67 65 60 84 50 67 4997.48 0.989851 0.505829 0
0.989634 0 0 0 0 0 0 0 0 0 0 0 0 0 0 0 0 0 0 0 0 0 0 0 0;
p11 28.539 3.9831 0.5 0.33898 28.3052 10.2542 0.5 0.384181 48 0.5 2.49303e-06
48 0.5 7.94562e-06 48 0.5 0.00760077 76.1912 0 0 1.21147 16 328.195
8.20496 50 23.8033 2.01657 1.70938 81.6216 40.6739 0 0 14 322.813 6.1712
50 21.6393 2.02767 2.07124 0.365663 0.243321 0.0425614 2.7186e-06 48.7114
0.697929 0.791604 8.15517 0.998674 451.057 862.785 1.09796 3487.16
0.94938 0.5 0 67 65 60 84 50 67 4997.48 0.989851 0.505829 0 0.989634
0 0 0 0 0 0 0 0 0 0 0 0 0 0 0 0 0 0 0 0 0 0 0 0;
glide 40.201;
color-cp17 -5.5924e+06;
color-cp16 -7.76461e+06;
color-cp15 -5.07659e+06;
color-cp14 -5.88936e+06;
color-cp13 -6.78287e+06;
color-cp12 -5.27321e+06;
color-cp11 -4.79981e+06;
color-cp37 -5.5924e+06;
color-cp36 -7.76461e+06;
color-cp35 -5.07659e+06;
color-cp34 -7.7635e+06;
color-cp33 -6.78287e+06;
color-cp32 -5.27321e+06;
color-cp31 -4.79981e+06;
color-cp57 -592145;
color-cp56 -592145;
color-cp55 -592145;
color-cp54 -592145;
color-cp53 -592145;
color-cp52 -592145;
color-cp51 -592145;
color-cp41 -4.79981e+06;
color-cp42 -592145;
color-cp43 -592145;
color-cp44 -592145;
color-cp45 -592145;
color-cp46 -592145;
color-cp47 -5.5924e+06;
color-cp21 -4.79981e+06;
color-cp22 -5.27321e+06;
color-cp23 -6.78287e+06;
color-cp24 -5.43926e+06;
color-cp25 -5.07659e+06;
color-cp26 -7.76461e+06;
color-cp27 -5.5924e+06;
preset_name INIT;
LFO-ctrl-2 0;
LFO-waveform-2 0;
LFO-am-fm-phase-2 0;
LFO-ctrl-3 0;
LFO-waveform-3 0;
LFO-am-fm-phase-3 0;
granulate-sample-2 bells_1.wav;
granulate-start-2 0;
granulate-ctrl-2 1;
granulate-sample-1 Sony_photo_camera.L.wav;
granulate-start-1 1;
granulate-ctrl-1 1;
gens-ctl-1 1;
gens-waveform-1 2;
LFO-ctrl-1 0;
LFO-waveform-1 0;
LFO-am-fm-phase-1 0;
FM-invertt-5 0;
lfo-FM-amt-5 67.4949;
lfo-FM-5 0;
lfo-AM-5 0;
lfo-route-dest-5 0;
lfo-FM-amt-4 90.9156;
FM-invertt-4 0;
lfo-FM-4 0;
lfo-AM-4 0;
lfo-route-dest-4 0;
main-adsr 0 0 0 0 0;
adsr-amp-ctrl 0;
main-adsr-mode 1;
adsr-2 0 0 0 0 0;
adsr-2-ctrl 0;
adsr-1 0 0 0 0 0;
adsr-1-ctrl 0;
lfo-FM-3 0;
lfo-AM-3 0;
lfo-route-dest-3 0;
lfo-FM-2 0;
lfo-AM-2 0;
lfo-route-dest-2 0;
aniosc-ctl-1 1;
aniosc-wave-1 6;
delay-ctrl 1;
reso-lvl-ctrl 1;
reso-pitch-ctrl 1;
crush-ctrl 1;
extreme-drive 1;
drive-ctrl 1;
filter-ctrl 1;
lfo-FM-1 0;
lfo-AM-1 0;
lfo-route-dest-1 0;
main-mix-ctrl 1;
