p34 72 0.113994 0.5 2.48582e-06 48 0.0790657 0.5 5.69096e-05 11 0.5
2.62823e-06 0 0.5 0 48 0.5 0.00119628 76.1912 0 0 1.21147 16 328.195
8.20496 50 23.8033 2.01657 1.70938 81.6216 40.6739 0 0 14 322.813 6.1712
50 21.6393 2.02767 2.07124 0.365663 0.243321 0.0425614 2.7186e-06 48.0201
0.512857 0.206671 8.15517 0.982617 451.057 862.785 1.09796 3728.52
0.94938 0.5 0 67 65 60 84 50 67 4997.48 0.989851 0.505829 0 0.989634
0 0 0 0 0 0 0 0 0 0 0 0 0 0 0 0 0 0 0 0 0 0 0 0;
p17 72 0.113994 0.5 2.48582e-06 48 0.0790657 0.5 5.69096e-05 24.4069
0.5 0 14 0.5 2.79557e-06 48 0.5 0.00119628 76.1912 0 0 1.21147 16 328.195
8.20496 50 23.8033 2.01657 1.70938 81.6216 40.6739 0 0 14 322.813 6.1712
50 21.6393 2.02767 2.07124 0.365663 0.243321 0.0425614 2.7186e-06 48.0201
0.512857 0.206671 8.15517 0.982617 451.057 862.785 1.09796 3595.69
0.94938 0.5 0 67 65 60 84 50 67 4997.48 0.989851 0.505829 0 0.989634
0 0 0 0 0 0 0 0 0 0 0 0 0 0 0 0 0 0 0 0 0 0 0 0;
p27 72 0.113994 0.5 2.48582e-06 48 0.0790657 0.5 5.69096e-05 24.4069
0.5 0 14 0.5 2.79557e-06 48 0.5 0.00119628 76.1912 0 0 1.21147 16 328.195
8.20496 50 23.8033 2.01657 1.70938 81.6216 40.6739 0 0 14 322.813 6.1712
50 21.6393 2.02767 2.07124 0.365663 0.243321 0.0425614 2.7186e-06 48.0201
0.512857 0.206671 8.15517 0.982617 451.057 862.785 1.09796 3595.69
0.94938 0.5 0 67 65 60 84 50 67 4997.48 0.989851 0.505829 0 0.989634
0 0 0 0 0 0 0 0 0 0 0 0 0 0 0 0 0 0 0 0 0 0 0 0;
p37 72 0.113994 0.5 2.48582e-06 48 0.0790657 0.5 5.69096e-05 24.4069
0.5 0 14 0.5 2.79557e-06 48 0.5 0.00119628 76.1912 0 0 1.21147 16 328.195
8.20496 50 23.8033 2.01657 1.70938 81.6216 40.6739 0 0 14 322.813 6.1712
50 21.6393 2.02767 2.07124 0.365663 0.243321 0.0425614 2.7186e-06 48.0201
0.512857 0.206671 8.15517 0.982617 451.057 862.785 1.09796 3595.69
0.94938 0.5 0 67 65 60 84 50 67 4997.48 0.989851 0.505829 0 0.989634
0 0 0 0 0 0 0 0 0 0 0 0 0 0 0 0 0 0 0 0 0 0 0 0;
p47 72 0.113994 0.5 2.48582e-06 48 0.0790657 0.5 5.69096e-05 24.4069
0.5 0 2 0.5 2.89939e-06 48 0.5 0.00119628 76.1912 0 0 1.21147 16 328.195
8.20496 50 23.8033 2.01657 1.70938 81.6216 40.6739 0 0 14 322.813 6.1712
50 21.6393 2.02767 2.07124 0.365663 0.243321 0.0425614 2.7186e-06 48.0201
0.512857 0.206671 8.15517 0.982617 451.057 862.785 1.09796 3595.69
0.94938 0.5 0.845742 67 65 60 84 50 67 4997.48 0.989851 0.505829 0
0.989634 0 0 0 0 0 0 0 0 0 0 0 0 0 0 0 0 0 0 0 0 0 0 0 0;
p57 72 0.113994 0.5 2.48582e-06 48 0.0790657 0.5 5.69096e-05 24.4069
0.5 0 2 0.5 2.89939e-06 48 0.5 0.00119628 76.1912 0 0 1.21147 16 328.195
8.20496 50 23.8033 2.01657 1.70938 81.6216 40.6739 0 0 14 322.813 6.1712
50 21.6393 2.02767 2.07124 0.365663 0.243321 0.0425614 2.7186e-06 48.0201
0.512857 0.206671 8.15517 0.982617 451.057 862.785 1.09796 3595.69
0.94938 0.5 0.845742 67 65 60 84 50 67 4997.48 0.989851 0.505829 0
0.989634 0 0 0 0 0 0 0 0 0 0 0 0 0 0 0 0 0 0 0 0 0 0 0 0;
p56 72 0.113994 0.5 2.48582e-06 48 0.0790657 0.5 5.69096e-05 24.4069
0.5 0 2 0.5 2.89939e-06 48 0.5 0.00119628 76.1912 0 0 1.21147 16 328.195
8.20496 50 23.8033 2.01657 1.70938 81.6216 40.6739 0 0 14 322.813 6.1712
50 21.6393 2.02767 2.07124 0.365663 0.243321 0.0425614 2.7186e-06 48.0201
0.512857 0.206671 8.15517 0.982617 451.057 862.785 1.09796 3595.69
0.94938 0.5 0.845742 67 65 60 84 50 67 4997.48 0.989851 0.505829 0
0.989634 0 0 0 0 0 0 0 0 0 0 0 0 0 0 0 0 0 0 0 0 0 0 0 0;
p46 72 0.113994 0.5 2.48582e-06 48 0.0790657 0.5 5.69096e-05 24.4069
0.5 0 2 0.5 2.89939e-06 48 0.5 0.00119628 76.1912 0 0 1.21147 16 328.195
8.20496 50 23.8033 2.01657 1.70938 81.6216 40.6739 0 0 14 322.813 6.1712
50 21.6393 2.02767 2.07124 0.365663 0.243321 0.0425614 2.7186e-06 48.0201
0.512857 0.206671 8.15517 0.982617 451.057 862.785 1.09796 3595.69
0.94938 0.5 0.845742 67 65 60 84 50 67 4997.48 0.989851 0.505829 0
0.989634 0 0 0 0 0 0 0 0 0 0 0 0 0 0 0 0 0 0 0 0 0 0 0 0;
p36 72 0.113994 0.5 2.48582e-06 48 0.0790657 0.5 5.69096e-05 18 0.5
1.30013e-06 7.07451 0.5 1.14415e-06 0 0.5 0.325581 76.1912 0 0 1.21147
16 328.195 8.20496 50 23.8033 2.01657 1.70938 81.6216 40.6739 0 0 14
322.813 6.1712 50 21.6393 2.02767 2.07124 0.365663 0.243321 0.0425614
2.7186e-06 48.0201 0.512857 0.206671 8.15517 0.982617 451.057 862.785
1.09796 3694.65 0.94938 0.5 0 67 65 60 84 50 67 4997.48 0.989851 0.505829
0 0.989634 0 0 0 0 0 0 0 0 0 0 0 0 0 0 0 0 0 0 0 0 0 0 0 0;
p26 72 0.113994 0.5 2.48582e-06 48 0.0790657 0.5 5.69096e-05 18 0.5
1.30013e-06 7.07451 0.5 1.14415e-06 125 0.5 1 76.1912 0 0 1.21147 16
328.195 8.20496 50 23.8033 2.01657 1.70938 81.6216 40.6739 0 0 14 322.813
6.1712 50 21.6393 2.02767 2.07124 0.365663 0.243321 0.0425614 2.7186e-06
48.0201 0.512857 0.206671 8.15517 0.982617 451.057 862.785 1.09796
3694.65 0.94938 0.5 0 67 65 60 84 50 67 4997.48 0.989851 0.505829 0
0.989634 0 0 0 0 0 0 0 0 0 0 0 0 0 0 0 0 0 0 0 0 0 0 0 0;
p16 72 0.113994 0.5 2.48582e-06 48 0.0790657 0.5 5.69096e-05 18 0.5
1.30013e-06 7.07451 0.5 1.14415e-06 125 0.5 0 76.1912 0 0 1.21147 16
328.195 8.20496 50 23.8033 2.01657 1.70938 81.6216 40.6739 0 0 14 322.813
6.1712 50 21.6393 2.02767 2.07124 0.365663 0.243321 0.0425614 2.7186e-06
48.0201 0.512857 0.206671 8.15517 0.982617 451.057 862.785 1.09796
3694.65 0.94938 0.5 0 67 65 60 84 50 67 4997.48 0.989851 0.505829 0
0.989634 0 0 0 0 0 0 0 0 0 0 0 0 0 0 0 0 0 0 0 0 0 0 0 0;
p15 72 0.113994 0.5 2.48582e-06 48 0.0790657 0.5 5.69096e-05 18 0.5
1.30013e-06 7.07451 0.5 1.14415e-06 125 0.5 0 76.1912 0 0 1.21147 16
328.195 8.20496 50 23.8033 2.01657 1.70938 81.6216 40.6739 0 0 14 322.813
6.1712 50 21.6393 2.02767 2.07124 0.365663 0.243321 0.0425614 2.7186e-06
48.0201 0.512857 0.206671 8.15517 0.982617 451.057 862.785 1.09796
3694.65 0.94938 0.5 0 67 65 60 84 50 67 4997.48 0.989851 0.505829 0
0.989634 0 0 0 0 0 0 0 0 0 0 0 0 0 0 0 0 0 0 0 0 0 0 0 0;
p25 72 0.113994 0.5 2.48582e-06 48 0.0790657 0.5 5.69096e-05 18 0.5
1.30013e-06 7.07451 0.5 1.14415e-06 125 0.5 1 76.1912 0 0 1.21147 16
328.195 8.20496 50 23.8033 2.01657 1.70938 81.6216 40.6739 0 0 14 322.813
6.1712 50 21.6393 2.02767 2.07124 0.365663 0.243321 0.0425614 2.7186e-06
48.0201 0.512857 0.206671 8.15517 0.982617 451.057 862.785 1.09796
3694.65 0.94938 0.5 0 67 65 60 84 50 67 4997.48 0.989851 0.505829 0
0.989634 0 0 0 0 0 0 0 0 0 0 0 0 0 0 0 0 0 0 0 0 0 0 0 0;
p35 72 0.113994 0.5 2.48582e-06 48 0.0790657 0.5 5.69096e-05 18 0.5
1.30013e-06 7.07451 0.5 1.14415e-06 0 0.5 0.325581 76.1912 0 0 1.21147
16 328.195 8.20496 50 23.8033 2.01657 1.70938 81.6216 40.6739 0 0 14
322.813 6.1712 50 21.6393 2.02767 2.07124 0.365663 0.243321 0.0425614
2.7186e-06 48.0201 0.512857 0.206671 8.15517 0.982617 451.057 862.785
1.09796 3694.65 0.94938 0.5 0 67 65 60 84 50 67 4997.48 0.989851 0.505829
0 0.989634 0 0 0 0 0 0 0 0 0 0 0 0 0 0 0 0 0 0 0 0 0 0 0 0;
p45 72 0.113994 0.5 2.48582e-06 48 0.0790657 0.5 5.69096e-05 24.4069
0.5 0 126 0.5 0.999997 48 0.5 0.00119628 76.1912 0 0 1.21147 16 328.195
8.20496 50 23.8033 2.01657 1.70938 81.6216 40.6739 0 0 14 322.813 6.1712
50 21.6393 2.02767 2.07124 0.365663 0.243321 0.0425614 2.7186e-06 48.0201
0.512857 0.206671 8.15517 0.982617 451.057 862.785 1.09796 3595.69
0.94938 0.5 0.845742 67 65 60 84 50 67 4997.48 0.989851 0.505829 0
0.989634 0 0 0 0 0 0 0 0 0 0 0 0 0 0 0 0 0 0 0 0 0 0 0 0;
p55 72 0.113994 0.5 2.48582e-06 48 0.0790657 0.5 5.69096e-05 24.4069
0.5 0 126 0.5 0.999997 48 0.5 0.00119628 76.1912 0 0 1.21147 16 328.195
8.20496 50 23.8033 2.01657 1.70938 81.6216 40.6739 0 0 14 322.813 6.1712
50 21.6393 2.02767 2.07124 0.365663 0.243321 0.0425614 2.7186e-06 48.0201
0.512857 0.206671 8.15517 0.982617 451.057 862.785 1.09796 3595.69
0.94938 0.5 0.845742 67 65 60 84 50 67 4997.48 0.989851 0.505829 0
0.989634 0 0 0 0 0 0 0 0 0 0 0 0 0 0 0 0 0 0 0 0 0 0 0 0;
p54 72 0.113994 0.5 2.48582e-06 48 0.0790657 0.5 5.69096e-05 24.4069
0.5 0 126 0.5 0 48 0.5 0.00119628 76.1912 0 0 1.21147 16 328.195 8.20496
50 23.8033 2.01657 1.70938 81.6216 40.6739 0 0 14 322.813 6.1712 50
21.6393 2.02767 2.07124 0.365663 0.243321 0.0425614 2.7186e-06 48.0201
0.512857 0.206671 8.15517 0.982617 451.057 862.785 1.09796 3595.69
0.94938 0.5 0 67 65 60 84 50 67 4997.48 0.989851 0.505829 0 0.989634
0 0 0 0 0 0 0 0 0 0 0 0 0 0 0 0 0 0 0 0 0 0 0 0;
p44 72 0.113994 0.5 2.48582e-06 48 0.0790657 0.5 5.69096e-05 24.4069
0.5 0 126 0.5 0 48 0.5 0.00119628 76.1912 0 0 1.21147 16 328.195 8.20496
50 23.8033 2.01657 1.70938 81.6216 40.6739 0 0 14 322.813 6.1712 50
21.6393 2.02767 2.07124 0.365663 0.243321 0.0425614 2.7186e-06 48.0201
0.512857 0.206671 8.15517 0.982617 451.057 862.785 1.09796 3595.69
0.94938 0.5 0 67 65 60 84 50 67 4997.48 0.989851 0.505829 0 0.989634
0 0 0 0 0 0 0 0 0 0 0 0 0 0 0 0 0 0 0 0 0 0 0 0;
p24 72 0.113994 0.5 2.48582e-06 48 0.0790657 0.5 5.69096e-05 11 0.5
2.62823e-06 127 0.5 0.999997 48 0.5 0.00119628 76.1912 0 0 1.21147
16 328.195 8.20496 50 23.8033 2.01657 1.70938 81.6216 40.6739 0 0 14
322.813 6.1712 50 21.6393 2.02767 2.07124 0.365663 0.243321 0.0425614
2.7186e-06 48.0201 0.512857 0.206671 8.15517 0.982617 451.057 862.785
1.09796 3728.52 0.94938 0.5 0 67 65 60 84 50 67 4997.48 0.989851 0.505829
0 0.989634 0 0 0 0 0 0 0 0 0 0 0 0 0 0 0 0 0 0 0 0 0 0 0 0;
p14 72 0.113994 0.5 2.48582e-06 48 0.0790657 0.5 5.69096e-05 11 0.5
2.62823e-06 127 0.5 2.61124e-06 48 0.5 0.00119628 76.1912 0 0 1.21147
16 328.195 8.20496 50 23.8033 2.01657 1.70938 81.6216 40.6739 0 0 14
322.813 6.1712 50 21.6393 2.02767 2.07124 0.365663 0.243321 0.0425614
2.7186e-06 48.0201 0.512857 0.206671 8.15517 0.982617 451.057 862.785
1.09796 3728.52 0.94938 0.5 0 67 65 60 84 50 67 4997.48 0.989851 0.505829
0 0.989634 0 0 0 0 0 0 0 0 0 0 0 0 0 0 0 0 0 0 0 0 0 0 0 0;
p13 72 0.113994 0.5 2.48582e-06 48 0.0790657 0.5 5.69096e-05 11 0.5
2.62823e-06 127 0.5 2.61124e-06 48 0.5 0.00119628 76.1912 0 0 1.21147
16 328.195 8.20496 50 23.8033 2.01657 1.70938 81.6216 40.6739 0 0 14
322.813 6.1712 50 21.6393 2.02767 2.07124 0.365663 0.243321 0.0425614
2.7186e-06 48.0201 0.512857 0.206671 8.15517 0.982617 451.057 862.785
1.09796 3728.52 0.94938 0.5 0 67 65 60 84 50 67 4997.48 0.989851 0.505829
0 0.989634 0 0 0 0 0 0 0 0 0 0 0 0 0 0 0 0 0 0 0 0 0 0 0 0;
p23 72 0.113994 0.5 2.48582e-06 48 0.0790657 0.5 5.69096e-05 11 0.5
2.62823e-06 127 0.5 0.999997 48 0.5 0.00119628 76.1912 0 0 1.21147
16 328.195 8.20496 50 23.8033 2.01657 1.70938 81.6216 40.6739 0 0 14
322.813 6.1712 50 21.6393 2.02767 2.07124 0.365663 0.243321 0.0425614
2.7186e-06 48.0201 0.512857 0.206671 8.15517 0.982617 451.057 862.785
1.09796 3728.52 0.94938 0.5 0 67 65 60 84 50 67 4997.48 0.989851 0.505829
0 0.989634 0 0 0 0 0 0 0 0 0 0 0 0 0 0 0 0 0 0 0 0 0 0 0 0;
p33 72 0.113994 0.5 2.48582e-06 48 0.0790657 0.5 5.69096e-05 11 0.5
2.62823e-06 0 0.5 0 48 0.5 0.00119628 76.1912 0 0 1.21147 16 328.195
8.20496 50 23.8033 2.01657 1.70938 81.6216 40.6739 0 0 14 322.813 6.1712
50 21.6393 2.02767 2.07124 0.365663 0.243321 0.0425614 2.7186e-06 48.0201
0.512857 0.206671 8.15517 0.982617 451.057 862.785 1.09796 3728.52
0.94938 0.5 0 67 65 60 84 50 67 4997.48 0.989851 0.505829 0 0.989634
0 0 0 0 0 0 0 0 0 0 0 0 0 0 0 0 0 0 0 0 0 0 0 0;
p43 127 0.113994 0.5 2.48582e-06 0 0 0.5 0 24.4069 0.5 0 14 0.5 2.79557e-06
48 0.5 0.00119628 76.1912 0 0 1.21147 16 328.195 8.20496 50 23.8033
2.01657 1.70938 81.6216 40.6739 0 0 14 322.813 6.1712 50 21.6393 2.02767
2.07124 0.365663 0.243321 0.0425614 2.7186e-06 48.0201 0.512857 0.206671
8.15517 0.982617 451.057 862.785 1.09796 3595.69 0.94938 0.5 0 67 65
60 84 50 67 4997.48 0.989851 0.505829 0 0.989634 0 0 0 0 0 0 0 0 0
0 0 0 0 0 0 0 0 0 0 0 0 0 0 0;
p53 127 0.113994 0.5 2.48582e-06 0 0 0.5 0 24.4069 0.5 0 14 0.5 2.79557e-06
48 0.5 0.00119628 76.1912 0 0 1.21147 16 328.195 8.20496 50 23.8033
2.01657 1.70938 81.6216 40.6739 0 0 14 322.813 6.1712 50 21.6393 2.02767
2.07124 0.365663 0.243321 0.0425614 2.7186e-06 48.0201 0.512857 0.206671
8.15517 0.982617 451.057 862.785 1.09796 3595.69 0.94938 0.5 0 67 65
60 84 50 67 4997.48 0.989851 0.505829 0 0.989634 0 0 0 0 0 0 0 0 0
0 0 0 0 0 0 0 0 0 0 0 0 0 0 0;
p52 127 0.113994 0.5 2.48582e-06 126 1.94919 0.5 1 24.4069 0.5 0 14
0.5 2.79557e-06 48 0.5 0.00119628 76.1912 0 0 1.21147 16 328.195 8.20496
50 23.8033 2.01657 1.70938 81.6216 40.6739 0 0 14 322.813 6.1712 50
21.6393 2.02767 2.07124 0.365663 0.243321 0.0425614 2.7186e-06 48.0201
0.512857 0.206671 8.15517 0.982617 451.057 862.785 1.09796 3595.69
0.94938 0.5 0 67 65 60 84 50 67 4997.48 0.989851 0.505829 0 0.989634
0 0 0 0 0 0 0 0 0 0 0 0 0 0 0 0 0 0 0 0 0 0 0 0;
p51 127 0.113994 0.5 2.48582e-06 126 0 0.5 2.60495e-06 24.4069 0.5
0 14 0.5 2.79557e-06 48 0.5 0.00119628 76.1912 0 0 1.21147 16 328.195
8.20496 50 23.8033 2.01657 1.70938 81.6216 40.6739 0 0 14 322.813 6.1712
50 21.6393 2.02767 2.07124 0.365663 0.243321 0.0425614 2.7186e-06 48.0201
0.512857 0.206671 8.15517 0.982617 451.057 862.785 1.09796 3595.69
0.94938 0.5 0 67 65 60 84 50 67 4997.48 0.989851 0.505829 0 0.989634
0 0 0 0 0 0 0 0 0 0 0 0 0 0 0 0 0 0 0 0 0 0 0 0;
p42 127 0.113994 0.5 2.48582e-06 126 1.94919 0.5 1 24.4069 0.5 0 14
0.5 2.79557e-06 48 0.5 0.00119628 76.1912 0 0 1.21147 16 328.195 8.20496
50 23.8033 2.01657 1.70938 81.6216 40.6739 0 0 14 322.813 6.1712 50
21.6393 2.02767 2.07124 0.365663 0.243321 0.0425614 2.7186e-06 48.0201
0.512857 0.206671 8.15517 0.982617 451.057 862.785 1.09796 3595.69
0.94938 0.5 0 67 65 60 84 50 67 4997.48 0.989851 0.505829 0 0.989634
0 0 0 0 0 0 0 0 0 0 0 0 0 0 0 0 0 0 0 0 0 0 0 0;
p41 127 0.113994 0.5 2.48582e-06 126 0 0.5 2.60495e-06 24.4069 0.5
0 14 0.5 2.79557e-06 48 0.5 0.00119628 76.1912 0 0 1.21147 16 328.195
8.20496 50 23.8033 2.01657 1.70938 81.6216 40.6739 0 0 14 322.813 6.1712
50 21.6393 2.02767 2.07124 0.365663 0.243321 0.0425614 2.7186e-06 48.0201
0.512857 0.206671 8.15517 0.982617 451.057 862.785 1.09796 3595.69
0.94938 0.5 0 67 65 60 84 50 67 4997.48 0.989851 0.505829 0 0.989634
0 0 0 0 0 0 0 0 0 0 0 0 0 0 0 0 0 0 0 0 0 0 0 0;
p32 72 0.113994 0.5 2.48582e-06 48 0.0790657 0.5 5.69096e-05 9 0.5
3.13668e-06 14 0.5 2.79557e-06 48 0.5 0.00119628 76.1912 0 0 1.21147
16 328.195 8.20496 50 23.8033 2.01657 1.70938 81.6216 40.6739 0 0 14
322.813 6.1712 50 21.6393 2.02767 2.07124 0.365663 0.243321 0.0425614
2.7186e-06 48.0201 0.512857 0.206671 8.15517 0.982617 451.057 862.785
1.09796 3595.69 0.94938 0.5 0 67 65 60 84 50 67 4997.48 0.989851 0.505829
0 0.989634 0 0 0 0 0 0 0 0 0 0 0 0 0 0 0 0 0 0 0 0 0 0 0 0;
p31 72 0.113994 0.5 2.48582e-06 48 0.0790657 0.5 5.69096e-05 9 0.5
3.13668e-06 14 0.5 2.79557e-06 48 0.5 0.00119628 76.1912 0 0 1.21147
16 328.195 8.20496 50 23.8033 2.01657 1.70938 81.6216 40.6739 0 0 14
322.813 6.1712 50 21.6393 2.02767 2.07124 0.365663 0.243321 0.0425614
2.7186e-06 48.0201 0.512857 0.206671 8.15517 0.982617 451.057 862.785
1.09796 3595.69 0.94938 0.5 0 67 65 60 84 50 67 4997.48 0.989851 0.505829
0 0.989634 0 0 0 0 0 0 0 0 0 0 0 0 0 0 0 0 0 0 0 0 0 0 0 0;
p22 72 0.113994 0.5 2.48582e-06 48 0.0790657 0.5 5.69096e-05 124 0.5
0.999997 14 0.5 2.79557e-06 48 0.5 0.00119628 76.1912 0 0 1.21147 16
328.195 8.20496 50 23.8033 2.01657 1.70938 81.6216 40.6739 0 0 14 322.813
6.1712 50 21.6393 2.02767 2.07124 0.365663 0.243321 0.0425614 2.7186e-06
48.0201 0.512857 0.206671 8.15517 0.982617 451.057 862.785 1.09796
3661.5 0.94938 0.5 0 67 65 60 84 50 67 4997.48 0.989851 0.505829 0
0.989634 0 0 0 0 0 0 0 0 0 0 0 0 0 0 0 0 0 0 0 0 0 0 0 0;
p21 72 0.113994 0.5 2.48582e-06 48 0.0790657 0.5 5.69096e-05 124 0.5
0.999997 14 0.5 2.79557e-06 48 0.5 0.00119628 76.1912 0 0 1.21147 16
328.195 8.20496 50 23.8033 2.01657 1.70938 81.6216 40.6739 0 0 14 322.813
6.1712 50 21.6393 2.02767 2.07124 0.365663 0.243321 0.0425614 2.7186e-06
48.0201 0.512857 0.206671 8.15517 0.982617 451.057 862.785 1.09796
3661.5 0.94938 0.5 0 67 65 60 84 50 67 4997.48 0.989851 0.505829 0
0.989634 0 0 0 0 0 0 0 0 0 0 0 0 0 0 0 0 0 0 0 0 0 0 0 0;
p12 72 0.113994 0.5 2.48582e-06 48 0.0790657 0.5 5.69096e-05 124 0.5
3.16269e-06 14 0.5 2.79557e-06 48 0.5 0.00119628 76.1912 0 0 1.21147
16 328.195 8.20496 50 23.8033 2.01657 1.70938 81.6216 40.6739 0 0 14
322.813 6.1712 50 21.6393 2.02767 2.07124 0.365663 0.243321 0.0425614
2.7186e-06 48.0201 0.512857 0.206671 8.15517 0.982617 451.057 862.785
1.09796 3661.5 0.94938 0.5 0 67 65 60 84 50 67 4997.48 0.989851 0.505829
0 0.989634 0 0 0 0 0 0 0 0 0 0 0 0 0 0 0 0 0 0 0 0 0 0 0 0;
p11 72 0.113994 0.5 2.48582e-06 48 0.0790657 0.5 5.69096e-05 124 0.5
3.16269e-06 14 0.5 2.79557e-06 48 0.5 0.00119628 76.1912 0 0 1.21147
16 328.195 8.20496 50 23.8033 2.01657 1.70938 81.6216 40.6739 0 0 14
322.813 6.1712 50 21.6393 2.02767 2.07124 0.365663 0.243321 0.0425614
2.7186e-06 48.0201 0.512857 0.206671 8.15517 0.982617 451.057 862.785
1.09796 3661.5 0.94938 0.5 0 67 65 60 84 50 67 4997.48 0.989851 0.505829
0 0.989634 0 0 0 0 0 0 0 0 0 0 0 0 0 0 0 0 0 0 0 0 0 0 0 0;
glide 82.9322;
color-cp17 -2.89567e+06;
color-cp16 -11338;
color-cp15 -11338;
color-cp14 -4.3313e+06;
color-cp13 -4.3313e+06;
color-cp12 -2.44279e+06;
color-cp11 -2.44279e+06;
color-cp37 -2.89567e+06;
color-cp36 -11338;
color-cp35 -11338;
color-cp34 -3.87255e+06;
color-cp33 -3.87255e+06;
color-cp32 -2.9054e+06;
color-cp31 -2.9054e+06;
color-cp57 -7.87739e+06;
color-cp56 -7.87739e+06;
color-cp55 -1.31118e+07;
color-cp54 -5.57518e+06;
color-cp53 -3.87972e+06;
color-cp52 -9.4742e+06;
color-cp51 -2.76381e+06;
color-cp41 -2.76381e+06;
color-cp42 -9.4742e+06;
color-cp43 -3.87972e+06;
color-cp44 -5.57518e+06;
color-cp45 -1.31118e+07;
color-cp46 -7.87739e+06;
color-cp47 -7.87739e+06;
color-cp21 -2.46223e+06;
color-cp22 -2.46223e+06;
color-cp23 -1.34408e+07;
color-cp24 -1.34408e+07;
color-cp25 -11430;
color-cp26 -11430;
color-cp27 -2.89567e+06;
preset_name sweeps;
gens-ctl-2 1;
gens-waveform-2 1;
gens-ctl-3 1;
gens-waveform-3 2;
aniosc-ctl-2 1;
aniosc-wave-2 7;
LFO-ctrl-2 0;
LFO-waveform-2 0;
LFO-am-fm-phase-2 0;
LFO-ctrl-3 0;
LFO-waveform-3 0;
LFO-am-fm-phase-3 0;
granulate-sample-2 bells_1.wav;
granulate-start-2 0;
granulate-ctrl-2 1;
granulate-sample-1 Sony_photo_camera.L.wav;
granulate-start-1 1;
granulate-ctrl-1 1;
gens-ctl-1 1;
gens-waveform-1 0;
LFO-ctrl-1 0;
LFO-waveform-1 0;
LFO-am-fm-phase-1 0;
FM-invertt-5 0;
lfo-FM-amt-5 62.3386;
lfo-FM-5 0;
lfo-AM-5 0;
lfo-route-dest-5 0;
lfo-FM-amt-4 90.9156;
FM-invertt-4 0;
lfo-FM-4 0;
lfo-AM-4 0;
lfo-route-dest-4 0;
main-adsr 0 0 0 0 0;
adsr-amp-ctrl 0;
main-adsr-mode 1;
adsr-2 0 0 0 0 0;
adsr-2-ctrl 0;
adsr-1 0 0 0 0 0;
adsr-1-ctrl 0;
lfo-FM-3 0;
lfo-AM-3 0;
lfo-route-dest-3 0;
lfo-FM-2 0;
lfo-AM-2 0;
lfo-route-dest-2 0;
aniosc-ctl-1 1;
aniosc-wave-1 15;
delay-ctrl 1;
reso-lvl-ctrl 1;
reso-pitch-ctrl 1;
crush-ctrl 1;
extreme-drive 0;
drive-ctrl 1;
filter-ctrl 1;
lfo-FM-1 0;
lfo-AM-1 0;
lfo-route-dest-1 0;
main-mix-ctrl 1;
