p34 37 11.2267 0.5 0.666548 33 13.5089 0.5 0.8614 46 0.5 0.554574 48
0.5 0.451047 48 0.5 0.856915 0 0 0 0 0 0 0 0 0 0 0 0 0 0 0 0 0 0 0
0 0 0.0551181 0.291339 0.862165 0 0 67.7622 5.5809 1 8.58976 0.999997
711.832 547.148 1.12205 3729.39 0.721525 0.5 0.973404 61.9386 95.1509
154.245 137.198 3333.7 0.829255 0.5 0 0.817961 0 0.821024 0 1.71371
26.6595 0 1.71371 26.6595 0 0 26.6595 0.814288 0.850001 0.385713 0.364285
0.364285 0.399999 0.521428 0.521428 0.385713 0.436508 0.423731 0.453935
0.461283 0.47892;
p17 52 11.2267 0.5 0.666548 33 13.5089 0.5 0.8614 46 0.5 0.411056 48
0.5 0.778188 48 0.5 0.856915 0 0 0 0 0 0 0 0 0 0 0 0 0 0 0 0 0 0 0
0 0 0.0551181 0.291339 0.862165 0 0 0.185002 5.99887 1 8.58976 0 0.14574
912.931 1.12205 0.5 0 70.8962 0 61.9386 95.1509 154.245 137.198 3333.7
0.829255 0.5 0 0.817961 0 0.821024 0 1.71371 26.6595 0 1.71371 26.6595
0 0 26.6595 0.814288 0.850001 0.385713 0.364285 0.364285 0.399999 0.521428
0.521428 0.385713 0.436508 0.423731 0.453935 0.461283 0.47892;
p27 52 11.2267 0.5 0.666548 33 13.5089 0.5 0.8614 46 0.5 0.411056 48
0.5 0.778188 48 0.5 0.856915 0 0 0 0 0 0 0 0 0 0 0 0 0 0 0 0 0 0 0
0 0 0.0551181 0.291339 0.862165 0 0 0.185002 5.99887 1 8.58976 0 0.14574
912.931 1.12205 0.5 0 70.8962 0 61.9386 95.1509 154.245 137.198 3333.7
0.829255 0.5 0 0.817961 0 0.821024 0 1.71371 26.6595 0 1.71371 26.6595
0 0 26.6595 0.814288 0.850001 0.385713 0.364285 0.364285 0.399999 0.521428
0.521428 0.385713 0.436508 0.423731 0.453935 0.461283 0.47892;
p37 52 11.2267 0.5 0.666548 33 13.5089 0.5 0.8614 46 0.5 0.790616 48
0.5 0.778188 48 0.5 0.0778584 0 0 0 0 0 0 0 0 0 0 0 0 0 0 0 0 0 0 0
0 0 0.0551181 0.291339 0.862165 0 0 0.185002 5.99887 1 8.58976 0 0.14574
912.931 1.12205 0.5 0 70.8962 0 61.9386 95.1509 154.245 137.198 3333.7
0.829255 0.5 0 0.817961 0 0.821024 0 1.71371 26.6595 0 1.71371 26.6595
0 0 26.6595 0.814288 0.850001 0.385713 0.364285 0.364285 0.399999 0.521428
0.521428 0.385713 0.436508 0.423731 0.453935 0.461283 0.47892;
p47 52 11.2267 0.5 0.666548 33 13.5089 0.5 0.8614 46 0.5 0.790616 48
0.5 0.0231256 48 0.5 0.0778584 0 0 0 0 0 0 0 0 0 0 0 0 0 0 0 0 0 0
0 0 0 0.0551181 0.291339 0.862165 0 0 0.185002 5.99887 1 8.58976 0
0.14574 912.931 1.12205 0.5 0 70.8962 0 61.9386 95.1509 154.245 137.198
3333.7 0.829255 0.5 0 0.817961 0 0.821024 0 1.71371 26.6595 0 1.71371
26.6595 0 0 26.6595 0.814288 0.850001 0.385713 0.364285 0.364285 0.399999
0.521428 0.521428 0.385713 0.436508 0.423731 0.453935 0.461283 0.47892
;
p57 52 11.2267 0.5 0.666548 33 13.5089 0.5 0.8614 46 0.5 0.790616 48
0.5 0.0231256 48 0.5 0.0778584 0 0 0 0 0 0 0 0 0 0 0 0 0 0 0 0 0 0
0 0 0 0.0551181 0.291339 0.862165 0 0 0.185002 5.99887 1 8.58976 0
0.14574 912.931 1.12205 0.5 0 70.8962 0 61.9386 95.1509 154.245 137.198
3333.7 0.829255 0.5 0 0.817961 0 0.821024 0 1.71371 26.6595 0 1.71371
26.6595 0 0 26.6595 0.814288 0.850001 0.385713 0.364285 0.364285 0.399999
0.521428 0.521428 0.385713 0.436508 0.423731 0.453935 0.461283 0.47892
;
p56 52 11.2267 0.5 0.666548 33 13.5089 0.5 0.8614 46 0.5 0.790616 48
0.5 0.0231256 48 0.5 0.0778584 0 0 0 0 0 0 0 0 0 0 0 0 0 0 0 0 0 0
0 0 0 0.0551181 0.291339 0.862165 0 0 0.185002 5.99887 1 8.58976 0
0.14574 912.931 1.12205 0.5 0 70.8962 0 61.9386 95.1509 154.245 137.198
3333.7 0.829255 0.5 0 0.817961 0 0.821024 0 1.71371 26.6595 0 1.71371
26.6595 0 0 26.6595 0.814288 0.850001 0.385713 0.364285 0.364285 0.399999
0.521428 0.521428 0.385713 0.436508 0.423731 0.453935 0.461283 0.47892
;
p46 52 11.2267 0.5 0.666548 33 13.5089 0.5 0.8614 46 0.5 0.790616 48
0.5 0.0231256 48 0.5 0.0778584 0 0 0 0 0 0 0 0 0 0 0 0 0 0 0 0 0 0
0 0 0 0.0551181 0.291339 0.862165 0 0 0.185002 5.99887 1 8.58976 0
0.14574 912.931 1.12205 0.5 0 70.8962 0 61.9386 95.1509 154.245 137.198
3333.7 0.829255 0.5 0 0.817961 0 0.821024 0 1.71371 26.6595 0 1.71371
26.6595 0 0 26.6595 0.814288 0.850001 0.385713 0.364285 0.364285 0.399999
0.521428 0.521428 0.385713 0.436508 0.423731 0.453935 0.461283 0.47892
;
p36 52 11.2267 0.5 0.666548 33 13.5089 0.5 0.8614 46 0.5 0.790616 48
0.5 0.778188 48 0.5 0.0778584 0 0 0 0 0 0 0 0 0 0 0 0 0 0 0 0 0 0 0
0 0 0.0551181 0.291339 0.862165 0 0 0.185002 5.99887 1 8.58976 0 0.14574
912.931 1.12205 0.5 0 70.8962 0 61.9386 95.1509 154.245 137.198 3333.7
0.829255 0.5 0 0.817961 0 0.821024 0 1.71371 26.6595 0 1.71371 26.6595
0 0 26.6595 0.814288 0.850001 0.385713 0.364285 0.364285 0.399999 0.521428
0.521428 0.385713 0.436508 0.423731 0.453935 0.461283 0.47892;
p26 52 11.2267 0.5 0.666548 33 13.5089 0.5 0.8614 46 0.5 0.411056 48
0.5 0.778188 48 0.5 0.856915 0 0 0 0 0 0 0 0 0 0 0 0 0 0 0 0 0 0 0
0 0 0.0551181 0.291339 0.862165 0 0 0.185002 5.99887 1 8.58976 0 0.14574
912.931 1.12205 0.5 0 70.8962 0 61.9386 95.1509 154.245 137.198 3333.7
0.829255 0.5 0 0.817961 0 0.821024 0 1.71371 26.6595 0 1.71371 26.6595
0 0 26.6595 0.814288 0.850001 0.385713 0.364285 0.364285 0.399999 0.521428
0.521428 0.385713 0.436508 0.423731 0.453935 0.461283 0.47892;
p16 52 11.2267 0.5 0.666548 33 13.5089 0.5 0.8614 46 0.5 0.411056 48
0.5 0.778188 48 0.5 0.856915 0 0 0 0 0 0 0 0 0 0 0 0 0 0 0 0 0 0 0
0 0 0.0551181 0.291339 0.862165 0 0 0.185002 5.99887 1 8.58976 0 0.14574
912.931 1.12205 0.5 0 70.8962 0 61.9386 95.1509 154.245 137.198 3333.7
0.829255 0.5 0 0.817961 0 0.821024 0 1.71371 26.6595 0 1.71371 26.6595
0 0 26.6595 0.814288 0.850001 0.385713 0.364285 0.364285 0.399999 0.521428
0.521428 0.385713 0.436508 0.423731 0.453935 0.461283 0.47892;
p15 52 11.2267 0.5 0.666548 33 13.5089 0.5 0.8614 46 0.5 0.411056 48
0.5 0.778188 48 0.5 0.856915 0 0 0 0 0 0 0 0 0 0 0 0 0 0 0 0 0 0 0
0 0 0.0551181 0.291339 0.862165 0 0 0.185002 5.99887 1 8.58976 0 0.14574
912.931 1.12205 0.5 0 70.8962 0 61.9386 95.1509 154.245 137.198 3333.7
0.829255 0.5 0 0.817961 0 0.821024 0 1.71371 26.6595 0 1.71371 26.6595
0 0 26.6595 0.814288 0.850001 0.385713 0.364285 0.364285 0.399999 0.521428
0.521428 0.385713 0.436508 0.423731 0.453935 0.461283 0.47892;
p25 52 11.2267 0.5 0.666548 33 13.5089 0.5 0.8614 46 0.5 0.411056 48
0.5 0.778188 48 0.5 0.856915 0 0 0 0 0 0 0 0 0 0 0 0 0 0 0 0 0 0 0
0 0 0.0551181 0.291339 0.862165 0 0 0.185002 5.99887 1 8.58976 0 0.14574
912.931 1.12205 0.5 0 70.8962 0 61.9386 95.1509 154.245 137.198 3333.7
0.829255 0.5 0 0.817961 0 0.821024 0 1.71371 26.6595 0 1.71371 26.6595
0 0 26.6595 0.814288 0.850001 0.385713 0.364285 0.364285 0.399999 0.521428
0.521428 0.385713 0.436508 0.423731 0.453935 0.461283 0.47892;
p35 37 11.2267 0.5 0.666548 33 13.5089 0.5 0.8614 46 0.5 0.554574 48
0.5 0.451047 48 0.5 0.856915 0 0 0 0 0 0 0 0 0 0 0 0 0 0 0 0 0 0 0
0 0 0.0551181 0.291339 0.862165 0 0 67.7622 5.5809 1 8.58976 0.999997
711.832 547.148 1.12205 3729.39 0.721525 0.5 0.973404 61.9386 95.1509
154.245 137.198 3333.7 0.829255 0.5 0 0.817961 0 0.821024 0 1.71371
26.6595 0 1.71371 26.6595 0 0 26.6595 0.814288 0.850001 0.385713 0.364285
0.364285 0.399999 0.521428 0.521428 0.385713 0.436508 0.423731 0.453935
0.461283 0.47892;
p45 37 11.2267 0.5 0.666548 33 13.5089 0.5 0.8614 46 0.5 0.554574 48
0.5 0.451047 48 0.5 0.856915 0 0 0 0 0 0 0 0 0 0 0 0 0 0 0 0 0 0 0
0 0 0.0551181 0.291339 0.862165 0 0 67.7622 5.5809 1 8.58976 0.999997
711.832 598.835 1.12205 3729.39 0.721525 0.5 0.973404 61.9386 95.1509
154.245 137.198 3333.7 0.829255 0.5 0 0.817961 0 0.821024 0 1.71371
26.6595 0 1.71371 26.6595 0 0 26.6595 0.814288 0.850001 0.385713 0.364285
0.364285 0.399999 0.521428 0.521428 0.385713 0.436508 0.423731 0.453935
0.461283 0.47892;
p55 52 6.41044 0.5 0.666548 33 5.34172 0.5 0.8614 46 0.5 0.790616 48
0.5 0.0231256 48 0.5 0.0778584 0 0 0 0 0 0 0 0 0 0 0 0 0 0 0 0 0 0
0 0 0 0.0551181 0.291339 0.862165 0 0 0.185002 5.99887 1 8.58976 0
0.14574 912.931 1.12205 0.5 0 0.5 0 61.9386 95.1509 154.245 137.198
3333.7 0.829255 0.5 0 0.817961 0 0.821024 0 1.71371 26.6595 0 1.71371
26.6595 0 0 26.6595 0.814288 0.850001 0.385713 0.364285 0.364285 0.399999
0.521428 0.521428 0.385713 0.436508 0.423731 0.453935 0.461283 0.47892
;
p54 52 6.41044 0.5 0.666548 33 5.34172 0.5 0.8614 46 0.5 0.790616 48
0.5 0.0231256 48 0.5 0.0778584 0 0 0 0 0 0 0 0 0 0 0 0 0 0 0 0 0 0
0 0 0 0.0551181 0.291339 0.862165 0 0 0.185002 5.99887 1 8.58976 0
0.14574 912.931 1.12205 0.5 0 0.5 0 61.9386 95.1509 154.245 137.198
3333.7 0.829255 0.5 0 0.817961 0 0.821024 0 1.71371 26.6595 0 1.71371
26.6595 0 0 26.6595 0.814288 0.850001 0.385713 0.364285 0.364285 0.399999
0.521428 0.521428 0.385713 0.436508 0.423731 0.453935 0.461283 0.47892
;
p44 37 11.2267 0.5 0.666548 33 13.5089 0.5 0.8614 46 0.5 0.554574 48
0.5 0.451047 48 0.5 0.856915 0 0 0 0 0 0 0 0 0 0 0 0 0 0 0 0 0 0 0
0 0 0.0551181 0.291339 0.862165 0 0 67.7622 5.5809 1 8.58976 0.999997
711.832 598.835 1.12205 3729.39 0.721525 0.5 0.973404 61.9386 95.1509
154.245 137.198 3333.7 0.829255 0.5 0 0.817961 0 0.821024 0 1.71371
26.6595 0 1.71371 26.6595 0 0 26.6595 0.814288 0.850001 0.385713 0.364285
0.364285 0.399999 0.521428 0.521428 0.385713 0.436508 0.423731 0.453935
0.461283 0.47892;
p24 37 11.2267 0.5 0.666548 33 13.5089 0.5 0.8614 46 0.5 0.554574 48
0.5 0.451047 48 0.5 0.856915 0 0 0 0 0 0 0 0 0 0 0 0 0 0 0 0 0 0 0
0 0 0.0551181 0.291339 0.862165 0 0 69.0371 5.99887 1 8.58976 0.999997
0.14574 912.931 1.12205 0.5 0 70.8962 0 61.9386 95.1509 154.245 137.198
3333.7 0.829255 0.5 0 0.817961 0 0.821024 0 1.71371 26.6595 0 1.71371
26.6595 0 0 26.6595 0.814288 0.850001 0.385713 0.364285 0.364285 0.399999
0.521428 0.521428 0.385713 0.436508 0.423731 0.453935 0.461283 0.47892
;
p14 37 11.2267 0.5 0.666548 33 13.5089 0.5 0.8614 46 0.5 0.554574 48
0.5 0.451047 48 0.5 0.856915 0 0 0 0 0 0 0 0 0 0 0 0 0 0 0 0 0 0 0
0 0 0.0551181 0.291339 0.862165 0 0 69.0371 5.99887 1 8.58976 0.999997
0.14574 912.931 1.12205 0.5 0 70.8962 0 61.9386 95.1509 154.245 137.198
3333.7 0.829255 0.5 0 0.817961 0 0.821024 0 1.71371 26.6595 0 1.71371
26.6595 0 0 26.6595 0.814288 0.850001 0.385713 0.364285 0.364285 0.399999
0.521428 0.521428 0.385713 0.436508 0.423731 0.453935 0.461283 0.47892
;
p13 37 11.2267 0.5 0.666548 33 13.5089 0.5 0.8614 46 0.5 0.554574 48
0.5 0.451047 48 0.5 0.856915 0 0 0 0 0 0 0 0 0 0 0 0 0 0 0 0 0 0 0
0 0 0.0551181 0.291339 0.862165 0 0 51.8241 0.355714 1 8.58976 0.999997
0.14574 912.931 1.12205 0.5 0 70.8962 0 61.9386 95.1509 154.245 137.198
3333.7 0.829255 0.5 0 0.817961 0 0.821024 0 1.71371 26.6595 0 1.71371
26.6595 0 0 26.6595 0.814288 0.850001 0.385713 0.364285 0.364285 0.399999
0.521428 0.521428 0.385713 0.436508 0.423731 0.453935 0.461283 0.47892
;
p23 37 11.2267 0.5 0.666548 33 13.5089 0.5 0.8614 46 0.5 0.554574 48
0.5 0.451047 48 0.5 0.856915 0 0 0 0 0 0 0 0 0 0 0 0 0 0 0 0 0 0 0
0 0 0.0551181 0.291339 0.862165 0 0 51.8241 0.355714 1 8.58976 0.999997
0.14574 912.931 1.12205 0.5 0 70.8962 0 61.9386 95.1509 154.245 137.198
3333.7 0.829255 0.5 0 0.817961 0 0.821024 0 1.71371 26.6595 0 1.71371
26.6595 0 0 26.6595 0.814288 0.850001 0.385713 0.364285 0.364285 0.399999
0.521428 0.521428 0.385713 0.436508 0.423731 0.453935 0.461283 0.47892
;
p33 37.0167 11.2198 0.5 0.657967 33 13.3225 0.5 0.850751 46 0.5 0.559473
48 0.5 0.457783 48 0.5 0.856049 0 0 0 0 0 0 0 0 0 0 0 0 0 0 0 0 0 0
0 0 0 0.0551181 0.291339 0.862165 0 0 67.3517 5.51103 1 8.54144 0.998885
701.461 556.364 1.12205 3742.32 0.711011 0.142985 0.959219 61.9386
95.1509 154.245 137.198 3333.7 0.829255 0.5 0 0.817961 0 0.821024 0
1.71371 26.6595 0 1.71371 26.6595 0 0 26.6595 0.814288 0.850001 0.385713
0.364285 0.364285 0.399999 0.521428 0.521428 0.385713 0.436508 0.423731
0.453935 0.461283 0.47892;
p43 37 11.2267 0.5 0.666548 33 13.5089 0.5 0.8614 46 0.5 0.554574 48
0.5 0.451047 48 0.5 0.856915 0 0 0 0 0 0 0 0 0 0 0 0 0 0 0 0 0 0 0
0 0 0.0551181 0.291339 0.862165 0 0 67.7622 5.5809 1 8.58976 0.999997
711.832 598.835 1.12205 3729.39 0.721525 0.5 0.973404 61.9386 95.1509
154.245 137.198 3333.7 0.829255 0.5 0 0.817961 0 0.821024 0 1.71371
26.6595 0 1.71371 26.6595 0 0 26.6595 0.814288 0.850001 0.385713 0.364285
0.364285 0.399999 0.521428 0.521428 0.385713 0.436508 0.423731 0.453935
0.461283 0.47892;
p53 52 5.11438 0.5 0.666548 33 0.273365 0.5 0.8614 46 0.5 0.790616
48 0.5 0.0231256 48 0.5 0.0778584 0 0 0 0 0 0 0 0 0 0 0 0 0 0 0 0 0
0 0 0 0 0.0551181 0.291339 0.862165 0 0 0.185002 5.99887 1 8.58976
0 0.14574 912.931 1.12205 0.5 0 0.5 0 61.9386 95.1509 154.245 137.198
3333.7 0.829255 0.5 0 0.817961 0 0.821024 0 1.71371 26.6595 0 1.71371
26.6595 0 0 26.6595 0.814288 0.850001 0.385713 0.364285 0.364285 0.399999
0.521428 0.521428 0.385713 0.436508 0.423731 0.453935 0.461283 0.47892
;
p52 52 5.04933 0.5 0.502328 33 0.0189815 0.5 0.8614 46 0.5 0.790616
48 0.5 0.0231256 48 0.5 0.0778584 0 0 0 0 0 0 0 0 0 0 0 0 0 0 0 0 0
0 0 0 0 0.0551181 0.291339 0.862165 0 0 0.185002 5.99887 1 8.58976
0 0.14574 912.931 1.12205 0.5 0 70.8962 0 61.9386 95.1509 154.245 137.198
3333.7 0.829255 0.5 0 0.817961 0 0.821024 0 1.71371 26.6595 0 1.71371
26.6595 0 0 26.6595 0.814288 0.850001 0.385713 0.364285 0.364285 0.399999
0.521428 0.521428 0.385713 0.436508 0.423731 0.453935 0.461283 0.47892
;
p51 52 5.04933 0.5 0.0507603 33 0.0189815 0.5 0.8614 46 0.5 0.790616
48 0.5 0.0231256 48 0.5 0.0778584 0 0 0 0 0 0 0 0 0 0 0 0 0 0 0 0 0
0 0 0 0 0.0551181 0.291339 0.862165 0 0 0.185002 5.99887 1 8.58976
0 0.14574 912.931 1.12205 0.5 0 70.8962 0 61.9386 95.1509 154.245 137.198
3333.7 0.829255 0.5 0 0.817961 0 0.821024 0 1.71371 26.6595 0 1.71371
26.6595 0 0 26.6595 0.814288 0.850001 0.385713 0.364285 0.364285 0.399999
0.521428 0.521428 0.385713 0.436508 0.423731 0.453935 0.461283 0.47892
;
p42 52 5.04933 0.5 0.502328 33 0.0189815 0.5 0.8614 46 0.5 0.790616
48 0.5 0.0231256 48 0.5 0.0778584 0 0 0 0 0 0 0 0 0 0 0 0 0 0 0 0 0
0 0 0 0 0.0551181 0.291339 0.862165 0 0 0.185002 5.99887 1 8.58976
0 0.14574 912.931 1.12205 0.5 0 70.8962 0 61.9386 95.1509 154.245 137.198
3333.7 0.829255 0.5 0 0.817961 0 0.821024 0 1.71371 26.6595 0 1.71371
26.6595 0 0 26.6595 0.814288 0.850001 0.385713 0.364285 0.364285 0.399999
0.521428 0.521428 0.385713 0.436508 0.423731 0.453935 0.461283 0.47892
;
p41 52 5.04933 0.5 0.0507603 33 0.0189815 0.5 0.8614 46 0.5 0.790616
48 0.5 0.0231256 48 0.5 0.0778584 0 0 0 0 0 0 0 0 0 0 0 0 0 0 0 0 0
0 0 0 0 0.0551181 0.291339 0.862165 0 0 0.185002 5.99887 1 8.58976
0 0.14574 912.931 1.12205 0.5 0 70.8962 0 61.9386 95.1509 154.245 137.198
3333.7 0.829255 0.5 0 0.817961 0 0.821024 0 1.71371 26.6595 0 1.71371
26.6595 0 0 26.6595 0.814288 0.850001 0.385713 0.364285 0.364285 0.399999
0.521428 0.521428 0.385713 0.436508 0.423731 0.453935 0.461283 0.47892
;
p32 37 11.2267 0.5 0.0426129 33 0.774097 0.5 0.0702659 46 0.5 0.89903
48 0.5 0.986813 48 0.5 0.856916 0 0 0 0 0 0 0 0 0 0 0 0 0 0 0 0 0 0
0 0 0 0.0551181 0.291339 0.862165 0 0 42.8434 0.355714 1 5 0.999997
0.14574 912.931 1.12205 20 0 0.5 0 61.9386 95.1509 154.245 137.198
3333.7 0.829255 0.5 0 0.817961 0 0.821024 0 1.71371 26.6595 0 1.71371
26.6595 0 0 26.6595 0.814288 0.850001 0.385713 0.364285 0.364285 0.399999
0.521428 0.521428 0.385713 0.436508 0.423731 0.453935 0.461283 0.47892
;
p31 37 11.2267 0.5 0.0426129 33 0.774097 0.5 0.0702659 46 0.5 0.89903
48 0.5 0.986813 48 0.5 0.856916 0 0 0 0 0 0 0 0 0 0 0 0 0 0 0 0 0 0
0 0 0 0.0551181 0.291339 0.862165 0 0 42.8434 0.355714 1 5 0.999997
0.14574 912.931 1.12205 20 0 0.5 0 61.9386 95.1509 154.245 137.198
3333.7 0.829255 0.5 0 0.817961 0 0.821024 0 1.71371 26.6595 0 1.71371
26.6595 0 0 26.6595 0.814288 0.850001 0.385713 0.364285 0.364285 0.399999
0.521428 0.521428 0.385713 0.436508 0.423731 0.453935 0.461283 0.47892
;
p22 37 11.2267 0.5 0.0426129 33 0.774097 0.5 0.0702659 46 0.5 0.89903
48 0.5 0.986813 48 0.5 0.856916 0 0 0 0 0 0 0 0 0 0 0 0 0 0 0 0 0 0
0 0 0 0.0551181 0.291339 0.862165 0 0 42.8434 0.355714 1 5 0.999997
0.14574 912.931 1.12205 20 0 0.5 0 61.9386 95.1509 154.245 137.198
3333.7 0.829255 0.5 0 0.817961 0 0.821024 0 1.71371 26.6595 0 1.71371
26.6595 0 0 26.6595 0.814288 0.850001 0.385713 0.364285 0.364285 0.399999
0.521428 0.521428 0.385713 0.436508 0.423731 0.453935 0.461283 0.47892
;
p21 37 11.2267 0.5 0.0426129 33 0.774097 0.5 0.0702659 46 0.5 0.89903
48 0.5 0.986813 48 0.5 0.856916 0 0 0 0 0 0 0 0 0 0 0 0 0 0 0 0 0 0
0 0 0 0.0551181 0.291339 0.862165 0 0 42.8434 0.355714 1 5 0.999997
0.14574 912.931 1.12205 20 0 0.5 0 61.9386 95.1509 154.245 137.198
3333.7 0.829255 0.5 0 0.817961 0 0.821024 0 1.71371 26.6595 0 1.71371
26.6595 0 0 26.6595 0.814288 0.850001 0.385713 0.364285 0.364285 0.399999
0.521428 0.521428 0.385713 0.436508 0.423731 0.453935 0.461283 0.47892
;
p12 37 11.2267 0.5 0.0426129 33 0.774097 0.5 0.0702659 46 0.5 0.89903
48 0.5 0.986813 48 0.5 0.856916 0 0 0 0 0 0 0 0 0 0 0 0 0 0 0 0 0 0
0 0 0 0.0551181 0.291339 0.862165 0 0 42.8434 0.355714 1 5 0.999997
0.14574 912.931 1.12205 20 0 0.5 0 61.9386 95.1509 154.245 137.198
3333.7 0.829255 0.5 0 0.817961 0 0.821024 0 1.71371 26.6595 0 1.71371
26.6595 0 0 26.6595 0.814288 0.850001 0.385713 0.364285 0.364285 0.399999
0.521428 0.521428 0.385713 0.436508 0.423731 0.453935 0.461283 0.47892
;
p11 37 11.2267 0.5 0.0426129 33 0.774097 0.5 0.0702659 46 0.5 0.89903
48 0.5 0.986813 48 0.5 0.856916 0 0 0 0 0 0 0 0 0 0 0 0 0 0 0 0 0 0
0 0 0 0.0551181 0.291339 0.862165 0 0 42.8434 0.355714 1 5 0.999997
0.14574 912.931 1.12205 20 0 0.5 0 61.9386 95.1509 154.245 137.198
3333.7 0.829255 0.5 0 0.817961 0 0.821024 0 1.71371 26.6595 0 1.71371
26.6595 0 0 26.6595 0.814288 0.850001 0.385713 0.364285 0.364285 0.399999
0.521428 0.521428 0.385713 0.436508 0.423731 0.453935 0.461283 0.47892
;
glide 145.258;
color-cp17 -1.16446e+07;
color-cp16 -1.16446e+07;
color-cp15 -1.16446e+07;
color-cp14 -2.63228e+06;
color-cp13 -2.89307e+06;
color-cp12 -3.88178e+06;
color-cp11 -3.88178e+06;
color-cp37 -1.11979e+07;
color-cp36 -1.11979e+07;
color-cp35 -1.08412e+07;
color-cp34 -1.08412e+07;
color-cp33 -1.0632e+07;
color-cp32 -3.88178e+06;
color-cp31 -3.88178e+06;
color-cp57 -5.6076e+06;
color-cp56 -5.6076e+06;
color-cp55 -4.62513e+06;
color-cp54 -4.62513e+06;
color-cp53 -1.06779e+07;
color-cp52 -4.48549e+06;
color-cp51 -3.87692e+06;
color-cp41 -3.87692e+06;
color-cp42 -4.48549e+06;
color-cp43 -1.08648e+07;
color-cp44 -1.08648e+07;
color-cp45 -1.08648e+07;
color-cp46 -5.6076e+06;
color-cp47 -5.6076e+06;
color-cp21 -3.88178e+06;
color-cp22 -3.88178e+06;
color-cp23 -2.89307e+06;
color-cp24 -2.63228e+06;
color-cp25 -1.16446e+07;
color-cp26 -1.16446e+07;
color-cp27 -1.16446e+07;
preset_name cyber_cat;
gens-ctl-2 1;
gens-waveform-2 2;
gens-ctl-3 1;
gens-waveform-3 3;
aniosc-ctl-2 1;
aniosc-wave-2 1;
LFO-ctrl-2 0;
LFO-waveform-2 0;
LFO-am-fm-phase-2 0;
LFO-ctrl-3 0;
LFO-waveform-3 0;
LFO-am-fm-phase-3 0;
granulate-sample-2 bells_2.wav;
granulate-start-2 0;
granulate-ctrl-2 1;
granulate-sample-1 bells_2.wav;
granulate-start-1 0;
granulate-ctrl-1 1;
gens-ctl-1 1;
gens-waveform-1 2;
LFO-ctrl-1 0;
LFO-waveform-1 0;
LFO-am-fm-phase-1 0;
FM-invertt-5 0;
lfo-FM-amt-5 33;
lfo-FM-5 0;
lfo-AM-5 0;
lfo-route-dest-5 0;
lfo-FM-amt-4 128;
FM-invertt-4 0;
lfo-FM-4 0;
lfo-AM-4 0;
lfo-route-dest-4 0;
main-adsr 0.814288 0.850001 0.385713 0.364285 0.364285;
adsr-amp-ctrl 1;
main-adsr-mode 1;
adsr-2 0.332861 0.196128 0.630769 1 0.683761;
adsr-2-ctrl 1;
adsr-1 0.399999 0.521428 0.521428 0.385713 0.436508;
adsr-1-ctrl 1;
lfo-FM-3 0;
lfo-AM-3 0;
lfo-route-dest-3 0;
lfo-FM-2 0;
lfo-AM-2 0;
lfo-route-dest-2 0;
aniosc-ctl-1 1;
aniosc-wave-1 12;
delay-ctrl 1;
reso-lvl-ctrl 1;
reso-pitch-ctrl 1;
crush-ctrl 1;
extreme-drive 0;
drive-ctrl 1;
filter-ctrl 1;
lfo-FM-1 0;
lfo-AM-1 0;
lfo-route-dest-1 0;
main-mix-ctrl 1;
