p34 42 0.856166 0.821915 0.0213098 48 0.105072 0.821915 0.041662 53
0.178085 0.0312993 59 0.178085 0.0335145 48 0.821915 0.00259397 53.3824
87.3529 0 0 18 857.45 212.225 50 28.1311 2.99999 8.28502 99.1116 325.147
0.890999 16.7705 26 122.708 14.6587 50 56.2623 2.70165 1.12389 0 0
0 0.976329 103.44 0.734643 0 0 0.873687 218.402 299.12 0.583148 2996.76
1.00528 0.359552 0 55 95 73 76 127 84 2225.44 0.916368 0.379726 1 0.466061
0 0 0 0 0 0 0 0 0 0 0 0 0 0 0 0 0 0 0 0 0 0 0;
p17 42 6.7645 0.5 0.0130557 48 6.88446 0.5 0.0120098 53 0.5 0.0200759
59 0.5 0.00377976 48 0.5 0.0568289 53.3824 87.3529 0 0 18 857.45 212.225
50 28.1311 1 9.85372e-11 99.1116 325.147 0.890999 16.7705 26 122.708
14.6587 50 56.2623 2.70165 0.927057 0 0 0 0.916416 84.9426 0.385 0
0 0.568421 210.723 437.349 0.188571 1757.31 0.805424 0.359552 0.542553
55 95 73 76 127 84 2225.44 0.916368 0.311918 3.31704e-06 0.740157 0
0 0 0 0 0 0 0 0 0 0 0 0 0 0 0 0 0 0 0 0 0 0;
p27 42 6.7645 0.5 0.0130557 48 6.88446 0.5 0.0120098 53 0.5 0.0200759
59 0.5 0.00377976 48 0.5 0.0568289 53.3824 87.3529 0 0 18 857.45 212.225
50 28.1311 1 9.85372e-11 99.1116 325.147 0.890999 16.7705 26 122.708
14.6587 50 56.2623 2.70165 0.927057 0 0 0 0.916416 84.9426 0.385 0
0 0.568421 210.723 437.349 0.188571 1757.31 0.805424 0.359552 0.542553
55 95 73 76 127 84 2225.44 0.916368 0.311918 3.31704e-06 0.740157 0
0 0 0 0 0 0 0 0 0 0 0 0 0 0 0 0 0 0 0 0 0 0;
p37 42 0.856166 0.821915 0.0213098 48 0.105072 0.821915 0.041662 53
0.178085 0.0312993 59 0.178085 0.0335145 48 0.821915 0.00259397 53.3824
87.3529 0 0 18 857.45 212.225 50 28.1311 2.99999 8.28502 99.1116 325.147
0.890999 16.7705 26 122.708 14.6587 50 56.2623 2.70165 1.12389 0 0
0 0.976329 103.44 0.734643 0 0 0.873687 218.402 299.12 0.583148 2996.76
1.00528 0.359552 0 55 95 73 76 127 84 2225.44 0.916368 0.800137 1 0.466061
0 0 0 0 0 0 0 0 0 0 0 0 0 0 0 0 0 0 0 0 0 0 0;
p47 42 0.856166 0.821915 0.0213098 48 0.105072 0.821915 0.041662 53
0.178085 0.0312993 59 0.178085 0.0335145 48 0.821915 0.00259397 53.3824
87.3529 0 0 18 857.45 212.225 50 28.1311 2.99999 8.28502 99.1116 325.147
0.890999 16.7705 26 122.708 14.6587 50 56.2623 2.70165 1.12389 0 0
0 0.976329 103.44 0.734643 0 0 0.873687 218.402 299.12 0.583148 2996.76
1.00528 0.359552 0 55 95 73 76 127 84 2225.44 0.916368 0.800137 1 0.466061
0 0 0 0 0 0 0 0 0 0 0 0 0 0 0 0 0 0 0 0 0 0 0;
p57 42 0.856166 0.821915 0.0213098 48 0.105072 0.821915 0.041662 53
0.178085 0.0312993 59 0.178085 0.0335145 48 0.821915 0.00259397 53.3824
87.3529 0 0 18 857.45 212.225 50 28.1311 2.99999 8.28502 99.1116 325.147
0.890999 16.7705 26 122.708 14.6587 50 56.2623 2.70165 1.12389 0 0
0 0.976329 103.44 0.734643 0 0 0.873687 218.402 299.12 0.583148 2996.76
1.00528 0.359552 0 55 95 73 76 127 84 2225.44 0.916368 0.818219 1 0.466061
0 0 0 0 0 0 0 0 0 0 0 0 0 0 0 0 0 0 0 0 0 0 0;
p56 42 0.856166 0.821915 0.0213098 48 0.105072 0.821915 0.041662 53
0.178085 0.0312993 59 0.178085 0.0335145 48 0.821915 0.00259397 53.3824
87.3529 0 0 18 857.45 212.225 50 28.1311 2.99999 8.28502 99.1116 325.147
0.890999 16.7705 26 122.708 14.6587 50 56.2623 2.70165 1.12389 0 0
0 0.976329 103.44 0.734643 0 0 0.873687 218.402 299.12 0.583148 2996.76
1.00528 0.359552 0 55 95 73 76 127 84 2225.44 0.916368 0.714247 1 0.466061
0 0 0 0 0 0 0 0 0 0 0 0 0 0 0 0 0 0 0 0 0 0 0;
p46 42 0.856166 0.821915 0.0213098 48 0.105072 0.821915 0.041662 53
0.178085 0.0312993 59 0.178085 0.0335145 48 0.821915 0.00259397 53.3824
87.3529 0 0 18 857.45 212.225 50 28.1311 2.99999 8.28502 99.1116 325.147
0.890999 16.7705 26 122.708 14.6587 50 56.2623 2.70165 1.12389 0 0
0 0.976329 103.44 0.734643 0 0 0.873687 218.402 299.12 0.583148 2996.76
1.00528 0.359552 0 55 95 73 76 127 84 2225.44 0.916368 0.705206 1 0.466061
0 0 0 0 0 0 0 0 0 0 0 0 0 0 0 0 0 0 0 0 0 0 0;
p36 42 0.856166 0.821915 0.0213098 48 0.105072 0.821915 0.041662 53
0.178085 0.0312993 59 0.178085 0.0335145 48 0.821915 0.00259397 53.3824
87.3529 0 0 18 857.45 212.225 50 28.1311 2.99999 8.28502 99.1116 325.147
0.890999 16.7705 26 122.708 14.6587 50 56.2623 2.70165 1.12389 0 0
0 0.976329 103.44 0.734643 0 0 0.873687 218.402 299.12 0.583148 2996.76
1.00528 0.359552 0 55 95 73 76 127 84 2225.44 0.916368 0.74137 1 0.466061
0 0 0 0 0 0 0 0 0 0 0 0 0 0 0 0 0 0 0 0 0 0 0;
p26 42 9.4878 1 0.947303 48 8.39465 1 0.0609546 53 0 0.788968 59 0
0.776766 48 1 0.434131 53.3824 87.3529 0 0 18 857.45 212.225 50 28.1311
1 6.85181 99.1116 325.147 0.890999 16.7705 26 122.708 14.6587 50 56.2623
2.70165 0.927057 0 0 0 0.16568 53.8843 0.385 0 0 0.863155 222.651 222.651
0.801429 3682.43 1.11585 0.359552 0.946806 55 95 73 76 127 84 2225.44
0.916368 0.311918 3.31704e-06 0.740157 0 0 0 0 0 0 0 0 0 0 0 0 0 0
0 0 0 0 0 0 0 0 0;
p16 42 6.7645 0.5 0.0130557 48 6.88446 0.5 0.0120098 53 0.5 0.0200759
59 0.5 0.00377976 48 0.5 0.0568289 53.3824 87.3529 0 0 18 857.45 212.225
50 28.1311 1 9.85372e-11 99.1116 325.147 0.890999 16.7705 26 122.708
14.6587 50 56.2623 2.70165 0.927057 0 0 0 0.916416 83.82 0.385 0 0
0.568421 210.723 437.349 0.188571 1757.31 0.805424 0.359552 0.542553
55 95 73 76 127 84 2225.44 0.916368 0.311918 3.31704e-06 0.740157 0
0 0 0 0 0 0 0 0 0 0 0 0 0 0 0 0 0 0 0 0 0 0;
p15 42 6.7645 0.5 0.0130557 48 6.88446 0.5 0.0120098 53 0.5 0.0200759
59 0.5 0.00377976 48 0.5 0.0568289 53.3824 87.3529 0 0 18 857.45 212.225
50 28.1311 1 9.85372e-11 99.1116 325.147 0.890999 16.7705 26 122.708
14.6587 50 56.2623 2.70165 0.927057 0 0 0 0.916416 91.6781 0.385 0
0 0.568421 210.723 437.349 0.188571 1757.31 0.805424 0.359552 0.542553
55 95 73 76 127 84 2225.44 0.916368 0.311918 3.31704e-06 0.740157 0
0 0 0 0 0 0 0 0 0 0 0 0 0 0 0 0 0 0 0 0 0 0;
p25 42 9.4878 1 0.947303 48 8.39465 1 0.0609546 53 0 0.788968 59 0
0.776766 48 1 0.434131 53.3824 87.3529 0 0 18 857.45 212.225 50 28.1311
1 6.50519 99.1116 325.147 0.890999 16.7705 26 122.708 14.6587 50 56.2623
2.70165 0.927057 0 0 0 0.16568 53.8843 0.385 0 0 0.863155 222.651 222.651
0.801429 3682.43 1.11585 0.359552 0.946806 55 95 73 76 127 84 2225.44
0.916368 0.311918 3.31704e-06 0.740157 0 0 0 0 0 0 0 0 0 0 0 0 0 0
0 0 0 0 0 0 0 0 0;
p35 42 0.856166 0.821915 0.0213098 48 0.105072 0.821915 0.041662 53
0.178085 0.0312993 59 0.178085 0.0335145 48 0.821915 0.00259397 53.3824
87.3529 0 0 18 857.45 212.225 50 28.1311 2.99999 8.28502 99.1116 325.147
0.890999 16.7705 26 122.708 14.6587 50 56.2623 2.70165 1.12389 0 0
0 0.976329 103.44 0.734643 0 0 0.873687 218.402 299.12 0.583148 2996.76
1.00528 0.359552 0 55 95 73 76 127 84 2225.44 0.916368 0.379726 1 0.466061
0 0 0 0 0 0 0 0 0 0 0 0 0 0 0 0 0 0 0 0 0 0 0;
p45 42 0.856166 0.821915 0.0213098 48 0.105072 0.821915 0.041662 53
0.178085 0.0312993 59 0.178085 0.0335145 48 0.821915 0.00259397 53.3824
87.3529 0 0 18 857.45 212.225 50 28.1311 2.99999 8.28502 99.1116 325.147
0.890999 16.7705 26 122.708 14.6587 50 56.2623 2.70165 1.12389 0 0
0 0.976329 103.44 0.734643 0 0 0.873687 218.402 299.12 0.583148 2996.76
1.00528 0.359552 0 55 95 73 76 127 84 2225.44 0.916368 0.379726 1 0.466061
0 0 0 0 0 0 0 0 0 0 0 0 0 0 0 0 0 0 0 0 0 0 0;
p55 42 0.856166 0.821915 0.0213098 48 0.105072 0.821915 0.041662 53
0.178085 0.0312993 59 0.178085 0.0335145 48 0.821915 0.00259397 53.3824
87.3529 0 0 18 857.45 212.225 50 28.1311 2.99999 8.28502 99.1116 325.147
0.890999 16.7705 26 122.708 14.6587 50 56.2623 2.70165 1.12389 0 0
0 0.976329 103.44 0.734643 0 0 0.873687 218.402 299.12 0.583148 2996.76
1.00528 0.359552 0 55 95 73 76 127 84 2225.44 0.916368 0.379726 1 0.466061
0 0 0 0 0 0 0 0 0 0 0 0 0 0 0 0 0 0 0 0 0 0 0;
p54 42 0.856166 0.821915 0.0213098 48 0.105072 0.821915 0.041662 53
0.178085 0.0312993 59 0.178085 0.0335145 48 0.821915 0.00259397 53.3824
87.3529 0 0 18 857.45 212.225 50 28.1311 2.99999 8.28502 99.1116 325.147
0.890999 16.7705 26 122.708 14.6587 50 56.2623 2.70165 1.12389 0 0
0 0.976329 103.44 0.734643 0 0 0.873687 218.402 299.12 0.583148 2996.76
1.00528 0.359552 0 55 95 73 76 127 84 2225.44 0.916368 0.379726 1 0.466061
0 0 0 0 0 0 0 0 0 0 0 0 0 0 0 0 0 0 0 0 0 0 0;
p44 42 0.856166 0.821915 0.0213098 48 0.105072 0.821915 0.041662 53
0.178085 0.0312993 59 0.178085 0.0335145 48 0.821915 0.00259397 53.3824
87.3529 0 0 18 857.45 212.225 50 28.1311 2.99999 8.28502 99.1116 325.147
0.890999 16.7705 26 122.708 14.6587 50 56.2623 2.70165 1.12389 0 0
0 0.976329 103.44 0.734643 0 0 0.873687 218.402 299.12 0.583148 2996.76
1.00528 0.359552 0 55 95 73 76 127 84 2225.44 0.916368 0.379726 1 0.466061
0 0 0 0 0 0 0 0 0 0 0 0 0 0 0 0 0 0 0 0 0 0 0;
p24 42 6.7645 0.5 0.0130557 48 6.88446 0.5 0.0120098 53 0.5 0.0200759
59 0.5 0.00377976 48 0.5 0.0568289 53.3824 87.3529 0 0 18 857.45 212.225
50 28.1311 1 9.85372e-11 99.1116 325.147 0.890999 16.7705 26 122.708
14.6587 50 56.2623 2.70165 0.927057 0 0 0 0.916416 95.0459 0.385 0
0 0.568421 210.723 437.349 0.188571 1757.31 0.805424 0.359552 0.542553
55 95 73 76 127 84 2225.44 0.916368 0.311918 3.31704e-06 0.740157 0
0 0 0 0 0 0 0 0 0 0 0 0 0 0 0 0 0 0 0 0 0 0;
p14 42 6.7645 0.5 0.0130557 48 6.88446 0.5 0.0120098 53 0.5 0.0200759
59 0.5 0.00377976 48 0.5 0.0568289 53.3824 87.3529 0 0 18 857.45 212.225
50 28.1311 1 9.85372e-11 99.1116 325.147 0.890999 16.7705 26 122.708
14.6587 50 56.2623 2.70165 0.927057 0 0 0 0.916416 93.5491 0.385 0
0 0.568421 210.723 437.349 0.188571 1757.31 0.805424 0.359552 0.542553
55 95 73 76 127 84 2225.44 0.916368 0.311918 3.31704e-06 0.740157 0
0 0 0 0 0 0 0 0 0 0 0 0 0 0 0 0 0 0 0 0 0 0;
p13 42 6.7645 0.5 0.0130557 48 6.88446 0.5 0.0120098 53 0.5 0.0200759
59 0.5 0.00377976 48 0.5 0.0568289 53.3824 87.3529 0 0 18 857.45 212.225
50 28.1311 1 9.85372e-11 99.1116 325.147 0.890999 16.7705 26 122.708
14.6587 50 56.2623 2.70165 0.927057 0 0 0 0.916416 41.5358 0.385 0
0 0.568421 210.723 437.349 0.188571 1757.31 0.805424 0.359552 0.542553
55 95 73 76 127 84 2225.44 0.916368 0.311918 3.31704e-06 0.740157 0
0 0 0 0 0 0 0 0 0 0 0 0 0 0 0 0 0 0 0 0 0 0;
p23 42 6.7645 0.5 0.0130557 48 6.88446 0.5 0.0120098 53 0.5 0.0200759
59 0.5 0.00377976 48 0.5 0.0568289 53.3824 87.3529 0 0 18 857.45 212.225
50 28.1311 1 9.85372e-11 99.1116 325.147 0.890999 16.7705 26 122.708
14.6587 50 56.2623 2.70165 0.927057 0 0 0 0.916416 42.2842 0.385 0
0 0.568421 210.723 437.349 0.188571 1757.31 0.805424 0.359552 0.542553
55 95 73 76 127 84 2225.44 0.916368 0.311918 3.31704e-06 0.740157 0
0 0 0 0 0 0 0 0 0 0 0 0 0 0 0 0 0 0 0 0 0 0;
p33 42 0.856166 0.821915 0.0213098 48 0.105072 0.821915 0.041662 53
0.178085 0.0312993 59 0.178085 0.0335145 48 0.821915 0.00259397 53.3824
87.3529 0 0 18 857.45 212.225 50 28.1311 2.99999 8.28502 99.1116 325.147
0.890999 16.7705 26 122.708 14.6587 50 56.2623 2.70165 1.12389 0 0
0 0.976329 103.44 0.734643 0 0 0.873687 218.402 299.12 0.583148 2996.76
1.00528 0.359552 0 55 95 73 76 127 84 2225.44 0.916368 0.379726 1 0.466061
0 0 0 0 0 0 0 0 0 0 0 0 0 0 0 0 0 0 0 0 0 0 0;
p43 42 0.856166 0.821915 0.0213098 48 0.105072 0.821915 0.041662 53
0.178085 0.0312993 59 0.178085 0.0335145 48 0.821915 0.00259397 53.3824
87.3529 0 0 18 857.45 212.225 50 28.1311 2.99999 8.28502 99.1116 325.147
0.890999 16.7705 26 122.708 14.6587 50 56.2623 2.70165 1.12389 0 0
0 0.976329 103.44 0.734643 0 0 0.873687 218.402 299.12 0.583148 2996.76
1.00528 0.359552 0 55 95 73 76 127 84 2225.44 0.916368 0.379726 1 0.466061
0 0 0 0 0 0 0 0 0 0 0 0 0 0 0 0 0 0 0 0 0 0 0;
p53 42 0.856166 0.821915 0.0213098 48 0.105072 0.821915 0.041662 53
0.178085 0.0312993 59 0.178085 0.0335145 48 0.821915 0.00259397 53.3824
87.3529 0 0 18 857.45 212.225 50 28.1311 2.99999 8.28502 99.1116 325.147
0.890999 16.7705 26 122.708 14.6587 50 56.2623 2.70165 1.12389 0 0
0 0.976329 103.44 0.734643 0 0 0.873687 218.402 299.12 0.583148 2996.76
1.00528 0.359552 0 55 95 73 76 127 84 2225.44 0.916368 0.379726 1 0.466061
0 0 0 0 0 0 0 0 0 0 0 0 0 0 0 0 0 0 0 0 0 0 0;
p52 42 0.856166 0.821915 0.0213098 48 0.105072 0.821915 0.041662 53
0.178085 0.0312993 59 0.178085 0.0335145 48 0.821915 0.00259397 53.3824
87.3529 0 0 18 857.45 212.225 50 28.1311 2.99999 8.28502 99.1116 325.147
0.890999 16.7705 26 122.708 14.6587 50 56.2623 2.70165 1.12389 0 0
0 0.976329 103.44 0.734643 0 0 0.873687 218.402 299.12 0.583148 2996.76
1.00528 0.359552 0 55 95 73 76 127 84 2225.44 0.916368 0.379726 1 0.466061
0 0 0 0 0 0 0 0 0 0 0 0 0 0 0 0 0 0 0 0 0 0 0;
p51 42 0.856166 0.821915 0.0213098 48 0.105072 0.821915 0.041662 53
0.178085 0.0312993 59 0.178085 0.0335145 48 0.821915 0.00259397 53.3824
87.3529 0 0 18 857.45 212.225 50 28.1311 2.99999 8.28502 99.1116 325.147
0.890999 16.7705 26 122.708 14.6587 50 56.2623 2.70165 1.12389 0 0
0 0.976329 103.44 0.734643 0 0 0.873687 218.402 299.12 0.583148 2996.76
1.00528 0.359552 0 55 95 73 76 127 84 2225.44 0.916368 0.379726 1 0.466061
0 0 0 0 0 0 0 0 0 0 0 0 0 0 0 0 0 0 0 0 0 0 0;
p42 42 13.6681 0.821915 0.973119 48 4.69992 0.821915 0.388735 53 0.178085
0.0312993 59 0.178085 0.0335145 48 0.821915 0.00259397 53.3824 87.3529
0 0 18 857.45 212.225 50 28.1311 2.99999 8.28502 99.1116 325.147 0.890999
16.7705 26 122.708 14.6587 50 56.2623 2.70165 1.12389 0 0.00891891
1 0.976329 72.3821 0.840714 0 0 0.873687 333.704 732.493 0.583148 2996.76
1.00528 0.359552 0 55 95 73 76 127 84 2225.44 0.916368 0.720417 2.45022e-06
0.466061 0 0 0 0 0 0 0 0 0 0 0 0 0 0 0 0 0 0 0 0 0 0 0;
p41 42 13.6681 0.821915 0.973119 48 4.69992 0.821915 0.388735 53 0.178085
0.0312993 59 0.178085 0.0335145 48 0.821915 0.00259397 53.3824 87.3529
0 0 18 857.45 212.225 50 28.1311 2.99999 8.28502 99.1116 325.147 0.890999
16.7705 26 122.708 14.6587 50 56.2623 2.70165 1.12389 0 0.00891891
1 0.976329 72.3821 0.840714 0 0 0.873687 333.704 732.493 0.583148 2996.76
1.00528 0.359552 0 55 95 73 76 127 84 2225.44 0.916368 0.720417 2.45022e-06
0.466061 0 0 0 0 0 0 0 0 0 0 0 0 0 0 0 0 0 0 0 0 0 0 0;
p32 42 13.6681 0.821915 0.973119 48 4.69992 0.821915 0.388735 53 0.178085
0.0312993 59 0.178085 0.0335145 48 0.821915 0.00259397 53.3824 87.3529
0 0 18 857.45 212.225 50 28.1311 2.99999 8.28502 99.1116 325.147 0.890999
16.7705 26 122.708 14.6587 50 56.2623 2.70165 1.12389 0 0.00891891
1 0.976329 72.3821 0.840714 0 0 0.873687 333.704 732.493 0.583148 2996.76
1.00528 0.359552 0 55 95 73 76 127 84 2225.44 0.916368 0.720417 2.45022e-06
0.466061 0 0 0 0 0 0 0 0 0 0 0 0 0 0 0 0 0 0 0 0 0 0 0;
p31 42 13.6681 0.821915 0.973119 48 4.69992 0.821915 0.388735 53 0.178085
0.0312993 59 0.178085 0.0335145 48 0.821915 0.00259397 53.3824 87.3529
0 0 18 857.45 212.225 50 28.1311 2.99999 8.28502 99.1116 325.147 0.890999
16.7705 26 122.708 14.6587 50 56.2623 2.70165 1.12389 0 0.00891891
1 0.976329 72.3821 0.840714 0 0 0.873687 333.704 732.493 0.583148 2996.76
1.00528 0.359552 0 55 95 73 76 127 84 2225.44 0.916368 0.720417 2.45022e-06
0.466061 0 0 0 0 0 0 0 0 0 0 0 0 0 0 0 0 0 0 0 0 0 0 0;
p22 42 0.856166 0.821915 0.0213098 48 0.105072 0.821915 0.041662 53
0.178085 0.0312993 59 0.178085 0.0335145 48 0.821915 0.00259397 53.3824
87.3529 0 0 18 857.45 212.225 50 28.1311 2.99999 8.28502 99.1116 325.147
0.890999 16.7705 25 122.708 14.6587 50 56.2623 2.70165 1.12389 60.2027
0.405811 0.998919 0.976329 103.44 0.734643 0 0 0.873687 218.402 299.12
0.583148 3051.55 1.00528 0.359552 0 55 95 73 76 127 84 2225.44 0.916368
0.379726 1 0.466061 0 0 0 0 0 0 0 0 0 0 0 0 0 0 0 0 0 0 0 0 0 0 0;
p21 42 0.856166 0.821915 0.0213098 48 0.105072 0.821915 0.041662 53
0.178085 0.0312993 59 0.178085 0.0335145 48 0.821915 0.00259397 53.3824
87.3529 0 0 18 857.45 212.225 50 28.1311 2.99999 8.28502 99.1116 325.147
0.890999 16.7705 25 122.708 14.6587 50 56.2623 2.70165 1.12389 60.2027
0.405811 0.998919 0.976329 103.44 0.734643 0 0 0.873687 218.402 299.12
0.583148 3051.55 1.00528 0.359552 0 55 95 73 76 127 84 2225.44 0.916368
0.379726 1 0.466061 0 0 0 0 0 0 0 0 0 0 0 0 0 0 0 0 0 0 0 0 0 0 0;
p12 42 0.856166 0.821915 0.0213098 48 0.105072 0.821915 0.041662 53
0.178085 0.0312993 59 0.178085 0.0335145 48 0.821915 0.00259397 53.3824
87.3529 0 0 18 857.45 212.225 50 28.1311 2.99999 8.28502 99.1116 325.147
0.890999 16.7705 25 122.708 14.6587 50 56.2623 2.70165 1.12389 60.2027
0.405811 0.998919 0.976329 103.44 0.734643 0 0 0.873687 218.402 299.12
0.583148 3051.55 1.00528 0.359552 0 55 95 73 76 127 84 2225.44 0.916368
0.379726 1 0.466061 0 0 0 0 0 0 0 0 0 0 0 0 0 0 0 0 0 0 0 0 0 0 0;
p11 42 0.856166 0.821915 0.0213098 48 0.105072 0.821915 0.041662 53
0.178085 0.0312993 59 0.178085 0.0335145 48 0.821915 0.00259397 53.3824
87.3529 0 0 18 857.45 212.225 50 28.1311 2.99999 8.28502 99.1116 325.147
0.890999 16.7705 25 122.708 14.6587 50 56.2623 2.70165 1.12389 60.2027
0.405811 0.998919 0.976329 103.44 0.734643 0 0 0.873687 218.402 299.12
0.583148 3051.55 1.00528 0.359552 0 55 95 73 76 127 84 2225.44 0.916368
0.379726 1 0.466061 0 0 0 0 0 0 0 0 0 0 0 0 0 0 0 0 0 0 0 0 0 0 0;
glide 230.558;
color-cp17 -4.10731e+06;
color-cp16 -4.10731e+06;
color-cp15 -4.10731e+06;
color-cp14 -4.10731e+06;
color-cp13 -4.10731e+06;
color-cp12 -1.69178e+06;
color-cp11 -1.69178e+06;
color-cp37 -1.60014e+07;
color-cp36 -1.60014e+07;
color-cp35 -5.87804e+06;
color-cp34 -1.03555e+07;
color-cp33 -1.03555e+07;
color-cp32 -1.69178e+06;
color-cp31 -1.69178e+06;
color-cp57 -1.60014e+07;
color-cp56 -1.60014e+07;
color-cp55 -5.87804e+06;
color-cp54 -1.03555e+07;
color-cp53 -1.03555e+07;
color-cp52 -1.53354e+07;
color-cp51 -1.53354e+07;
color-cp41 -1.69178e+06;
color-cp42 -1.69178e+06;
color-cp43 -1.03555e+07;
color-cp44 -1.03555e+07;
color-cp45 -5.87804e+06;
color-cp46 -1.60014e+07;
color-cp47 -1.60014e+07;
color-cp21 -1.69178e+06;
color-cp22 -1.69178e+06;
color-cp23 -4.10731e+06;
color-cp24 -4.10731e+06;
color-cp25 -1.15399e+07;
color-cp26 -1.15399e+07;
color-cp27 -4.10731e+06;
preset_name saturn_winds;
gens-ctl-2 1;
gens-waveform-2 5;
gens-ctl-3 1;
gens-waveform-3 5;
aniosc-ctl-2 1;
aniosc-wave-2 7;
LFO-ctrl-2 1;
LFO-waveform-2 0;
LFO-am-fm-phase-2 0;
LFO-ctrl-3 1;
LFO-waveform-3 0;
LFO-am-fm-phase-3 0;
granulate-sample-2 58416__darren1979__oceanwaves.wav;
granulate-start-2 1;
granulate-ctrl-2 1;
granulate-sample-1 Sony_photo_camera.L.wav;
granulate-start-1 1;
granulate-ctrl-1 1;
gens-ctl-1 1;
gens-waveform-1 5;
LFO-ctrl-1 1;
LFO-waveform-1 0;
LFO-am-fm-phase-1 0;
FM-invertt-5 0;
lfo-FM-amt-5 0;
lfo-FM-5 0;
lfo-AM-5 0;
lfo-route-dest-5 0;
lfo-FM-amt-4 0;
FM-invertt-4 0;
lfo-FM-4 0;
lfo-AM-4 0;
lfo-route-dest-4 0;
main-adsr 0.313894 0.327661 0.148686 0.140426 0.140426;
adsr-amp-ctrl 0;
main-adsr-mode 1;
adsr-2 0.394955 0.316351 0.566214 0.778474 0.596677;
adsr-2-ctrl 1;
adsr-1 0 0 0 0 0;
adsr-1-ctrl 1;
lfo-FM-3 0;
lfo-AM-3 0;
lfo-route-dest-3 0;
lfo-FM-2 0;
lfo-AM-2 0;
lfo-route-dest-2 0;
aniosc-ctl-1 1;
aniosc-wave-1 7;
delay-ctrl 1;
reso-lvl-ctrl 1;
reso-pitch-ctrl 1;
crush-ctrl 1;
extreme-drive 0;
drive-ctrl 1;
filter-ctrl 1;
lfo-FM-1 0;
lfo-AM-1 0;
lfo-route-dest-1 0;
main-mix-ctrl 1;
