glide 40.201;
color-cp17 -1.03555e+07;
color-cp16 -1.03555e+07;
color-cp15 -1.03555e+07;
color-cp14 -1.03555e+07;
color-cp13 -1.03555e+07;
color-cp12 -1.03555e+07;
color-cp11 -1.03555e+07;
color-cp37 -3.55338e+06;
color-cp36 -3.55338e+06;
color-cp35 -5.87804e+06;
color-cp34 -5.87804e+06;
color-cp33 -5.87804e+06;
color-cp32 -5.87804e+06;
color-cp31 -5.87804e+06;
color-cp57 -1.10285e+07;
color-cp56 -1.10285e+07;
color-cp55 -1.10285e+07;
color-cp54 -1.10285e+07;
color-cp53 -1.10285e+07;
color-cp52 -1.10285e+07;
color-cp51 -1.10285e+07;
color-cp41 -5.87804e+06;
color-cp42 -5.87804e+06;
color-cp43 -5.87804e+06;
color-cp44 -5.87804e+06;
color-cp45 -5.87804e+06;
color-cp46 -3.55338e+06;
color-cp47 -3.55338e+06;
color-cp21 -1.03555e+07;
color-cp22 -1.03555e+07;
color-cp23 -1.03555e+07;
color-cp24 -1.03555e+07;
color-cp25 -1.03555e+07;
color-cp26 -1.03555e+07;
color-cp27 -1.03555e+07;
preset_name test;
p34 81 5.86127 0.5 0.996151 75 12.4147 0.5 0.176648 102 0.5 0.827083
82 0.5 0.989413 67 0.5 0.988959 100 367 -9.27929 0 6 744.088 176 50
100 2.06452 2.6087 93.3993 297 -1.46 27 30 16 69 50 35 1 10 0.291339
0.862165 0 0 0.185002 5.99887 1 8.58976 0 0.14574 912.931 1.12205 0.5
0 70.8962 0 61.9386 95.1509 154.245 137.198 3333.7 0.829255 0.5 0 0.817961
0 0.244094 0 0 0 0 0 0 0 0 0 0.814288 0.850001 0.385713 0.364285 0.364285
0.399999 0.521428 0.521428 0.385713 0.436508 0.423731 0.453935 0.461283
0.47892;
p17 81 0.445393 0.5 0.996151 75 11.9827 0.5 0.752779 102 0.5 0.156811
82 0.5 0.0735196 41 0.5 0.119117 100 367 -9.27929 0 6 744.088 176 50
100 2.06452 2.6087 93.3993 297 -1.46 27 30 16 69 50 35 1 10 0.291339
0.862165 0 0 0.185002 5.99887 1 8.58976 0 0.14574 912.931 1.12205 0.5
0 70.8962 0 61.9386 95.1509 154.245 137.198 3333.7 0.829255 0.5 0 0.817961
0 0.244094 0 0 0 0 0 0 0 0 0 0.814288 0.850001 0.385713 0.364285 0.364285
0.399999 0.521428 0.521428 0.385713 0.436508 0.423731 0.453935 0.461283
0.47892;
p27 81 0.445393 0.5 0.996151 75 11.9827 0.5 0.752779 102 0.5 0.156811
82 0.5 0.0735196 41 0.5 0.119117 100 367 -9.27929 0 6 744.088 176 50
100 2.06452 2.6087 93.3993 297 -1.46 27 30 16 69 50 35 1 10 0.291339
0.862165 0 0 0.185002 5.99887 1 8.58976 0 0.14574 912.931 1.12205 0.5
0 70.8962 0 61.9386 95.1509 154.245 137.198 3333.7 0.829255 0.5 0 0.817961
0 0.244094 0 0 0 0 0 0 0 0 0 0.814288 0.850001 0.385713 0.364285 0.364285
0.399999 0.521428 0.521428 0.385713 0.436508 0.423731 0.453935 0.461283
0.47892;
p37 40 5.86127 0.5 0.996151 54 5.01115 0.5 0.99809 45 0.5 0.827083
82 0.5 0.989413 67 0.5 0.988959 100 367 -9.27929 0 6 744.088 176 50
100 2.06452 2.6087 93.3993 297 -1.46 27 30 16 69 50 35 1 10 0.291339
0.862165 0 0 0.185002 5.99887 1 8.58976 0 0.14574 912.931 1.12205 0.5
0 70.8962 0 61.9386 95.1509 154.245 137.198 3333.7 0.829255 0.5 0 0.817961
0 0.244094 0 0 0 0 0 0 0 0 0 0.814288 0.850001 0.385713 0.364285 0.364285
0.399999 0.521428 0.521428 0.385713 0.436508 0.423731 0.453935 0.461283
0.47892;
p47 40 5.86127 0.5 0.996151 54 5.01115 0.5 0.99809 45 0.5 0.827083
82 0.5 0.989413 67 0.5 0.988959 100 367 -9.27929 0 6 744.088 176 50
100 2.06452 2.6087 93.3993 297 -1.46 27 30 16 69 50 35 1 10 0.291339
0.862165 0 0 0.185002 5.99887 1 8.58976 0 0.14574 912.931 1.12205 0.5
0 70.8962 0 61.9386 95.1509 154.245 137.198 3333.7 0.829255 0.5 0 0.817961
0 0.244094 0 0 0 0 0 0 0 0 0 0.814288 0.850001 0.385713 0.364285 0.364285
0.399999 0.521428 0.521428 0.385713 0.436508 0.423731 0.453935 0.461283
0.47892;
p57 48 8.65602 0.5 0 48 11.9063 0.5 0 48 0.5 0 48 0.5 0 48 0.5 0 100
367 -10.8581 0 6 852 176 50 69 2.06452 4.95507 100 251 -11 12 30 114
205 50 35 2.01613 10 0.291339 0.862165 0 0 0.185002 5.99887 1 8.58976
0 0.14574 912.931 1.12205 0.5 0 70.8962 0 61.9386 95.1509 154.245 137.198
3333.7 0.829255 0.5 0 0.817961 0 0.244094 0 0 0 0 0 0 0 0 0 0.814288
0.850001 0.385713 0.364285 0.364285 0.399999 0.521428 0.521428 0.385713
0.436508 0.423731 0.453935 0.461283 0.47892;
p56 48 8.65602 0.5 0 48 11.9063 0.5 0 48 0.5 0 48 0.5 0 48 0.5 0 100
367 -10.8581 0 6 852 176 50 69 2.06452 4.95507 100 251 -11 12 30 114
205 50 35 2.01613 10 0.291339 0.862165 0 0 0.185002 5.99887 1 8.58976
0 0.14574 912.931 1.12205 0.5 0 70.8962 0 61.9386 95.1509 154.245 137.198
3333.7 0.829255 0.5 0 0.817961 0 0.244094 0 0 0 0 0 0 0 0 0 0.814288
0.850001 0.385713 0.364285 0.364285 0.399999 0.521428 0.521428 0.385713
0.436508 0.423731 0.453935 0.461283 0.47892;
p46 40 5.86127 0.5 0.996151 54 5.01115 0.5 0.99809 45 0.5 0.827083
82 0.5 0.989413 67 0.5 0.988959 100 367 -9.27929 0 6 744.088 176 50
100 2.06452 2.6087 93.3993 297 -1.46 27 30 16 69 50 35 1 10 0.291339
0.862165 0 0 0.185002 5.99887 1 8.58976 0 0.14574 912.931 1.12205 0.5
0 70.8962 0 61.9386 95.1509 154.245 137.198 3333.7 0.829255 0.5 0 0.817961
0 0.244094 0 0 0 0 0 0 0 0 0 0.814288 0.850001 0.385713 0.364285 0.364285
0.399999 0.521428 0.521428 0.385713 0.436508 0.423731 0.453935 0.461283
0.47892;
p36 40 5.86127 0.5 0.996151 54 5.01115 0.5 0.99809 45 0.5 0.827083
82 0.5 0.989413 67 0.5 0.988959 100 367 -9.27929 0 6 744.088 176 50
100 2.06452 2.6087 93.3993 297 -1.46 27 30 16 69 50 35 1 10 0.291339
0.862165 0 0 0.185002 5.99887 1 8.58976 0 0.14574 912.931 1.12205 0.5
0 70.8962 0 61.9386 95.1509 154.245 137.198 3333.7 0.829255 0.5 0 0.817961
0 0.244094 0 0 0 0 0 0 0 0 0 0.814288 0.850001 0.385713 0.364285 0.364285
0.399999 0.521428 0.521428 0.385713 0.436508 0.423731 0.453935 0.461283
0.47892;
p26 81 2.59788 0.5 0.996151 75 11.9827 0.5 0.752779 102 0.5 0.156811
82 0.5 0.0735196 41 0.5 0.119117 100 367 -9.27929 0 6 744.088 176 50
100 2.06452 2.6087 93.3993 297 -1.46 27 30 16 69 50 35 1 10 0.291339
0.862165 0 0 0.185002 5.99887 1 8.58976 0 0.14574 912.931 1.12205 0.5
0 70.8962 0 61.9386 95.1509 154.245 137.198 3333.7 0.829255 0.5 0 0.817961
0 0.244094 0 0 0 0 0 0 0 0 0 0.814288 0.850001 0.385713 0.364285 0.364285
0.399999 0.521428 0.521428 0.385713 0.436508 0.423731 0.453935 0.461283
0.47892;
p16 81 2.59788 0.5 0.996151 75 11.9827 0.5 0.752779 102 0.5 0.156811
82 0.5 0.0735196 41 0.5 0.119117 100 367 -9.27929 0 6 744.088 176 50
100 2.06452 2.6087 93.3993 297 -1.46 27 30 16 69 50 35 1 10 0.291339
0.862165 0 0 0.185002 5.99887 1 8.58976 0 0.14574 912.931 1.12205 0.5
0 70.8962 0 61.9386 95.1509 154.245 137.198 3333.7 0.829255 0.5 0 0.817961
0 0.244094 0 0 0 0 0 0 0 0 0 0.814288 0.850001 0.385713 0.364285 0.364285
0.399999 0.521428 0.521428 0.385713 0.436508 0.423731 0.453935 0.461283
0.47892;
p15 81 4.58333 0.5 0.996151 75 11.9827 0.5 0.752779 102 0.5 0.156811
82 0.5 0.0735196 41 0.5 0.119117 100 367 -9.27929 0 6 744.088 176 50
100 2.06452 2.6087 93.3993 297 -1.46 27 30 16 69 50 35 1 10 0.291339
0.862165 0 0 0.185002 5.99887 1 8.58976 0 0.14574 912.931 1.12205 0.5
0 70.8962 0 61.9386 95.1509 154.245 137.198 3333.7 0.829255 0.5 0 0.817961
0 0.244094 0 0 0 0 0 0 0 0 0 0.814288 0.850001 0.385713 0.364285 0.364285
0.399999 0.521428 0.521428 0.385713 0.436508 0.423731 0.453935 0.461283
0.47892;
p25 81 4.58333 0.5 0.996151 75 11.9827 0.5 0.752779 102 0.5 0.156811
82 0.5 0.0735196 41 0.5 0.119117 100 367 -9.27929 0 6 744.088 176 50
100 2.06452 2.6087 93.3993 297 -1.46 27 30 16 69 50 35 1 10 0.291339
0.862165 0 0 0.185002 5.99887 1 8.58976 0 0.14574 912.931 1.12205 0.5
0 70.8962 0 61.9386 95.1509 154.245 137.198 3333.7 0.829255 0.5 0 0.817961
0 0.244094 0 0 0 0 0 0 0 0 0 0.814288 0.850001 0.385713 0.364285 0.364285
0.399999 0.521428 0.521428 0.385713 0.436508 0.423731 0.453935 0.461283
0.47892;
p35 81 5.86127 0.5 0.996151 75 5.01115 0.5 0.827597 102 0.5 0.827083
82 0.5 0.989413 67 0.5 0.988959 100 367 -9.27929 0 6 744.088 176 50
100 2.06452 2.6087 93.3993 297 -1.46 27 30 16 69 50 35 1 10 0.291339
0.862165 0 0 0.185002 5.99887 1 8.58976 0 0.14574 912.931 1.12205 0.5
0 70.8962 0 61.9386 95.1509 154.245 137.198 3333.7 0.829255 0.5 0 0.817961
0 0.244094 0 0 0 0 0 0 0 0 0 0.814288 0.850001 0.385713 0.364285 0.364285
0.399999 0.521428 0.521428 0.385713 0.436508 0.423731 0.453935 0.461283
0.47892;
p45 81 5.86127 0.5 0.996151 75 5.01115 0.5 0.827597 102 0.5 0.827083
82 0.5 0.989413 67 0.5 0.988959 100 367 -9.27929 0 6 744.088 176 50
100 2.06452 2.6087 93.3993 297 -1.46 27 30 16 69 50 35 1 10 0.291339
0.862165 0 0 0.185002 5.99887 1 8.58976 0 0.14574 912.931 1.12205 0.5
0 70.8962 0 61.9386 95.1509 154.245 137.198 3333.7 0.829255 0.5 0 0.817961
0 0.244094 0 0 0 0 0 0 0 0 0 0.814288 0.850001 0.385713 0.364285 0.364285
0.399999 0.521428 0.521428 0.385713 0.436508 0.423731 0.453935 0.461283
0.47892;
p55 48 8.65602 0.5 0 48 11.9063 0.5 0 48 0.5 0 48 0.5 0 48 0.5 0 100
367 -10.8581 0 6 852 176 50 69 2.06452 4.95507 100 251 -11 12 30 114
205 50 35 2.01613 10 0.291339 0.862165 0 0 0.185002 5.99887 1 8.58976
0 0.14574 912.931 1.12205 0.5 0 70.8962 0 61.9386 95.1509 154.245 137.198
3333.7 0.829255 0.5 0 0.817961 0 0.244094 0 0 0 0 0 0 0 0 0 0.814288
0.850001 0.385713 0.364285 0.364285 0.399999 0.521428 0.521428 0.385713
0.436508 0.423731 0.453935 0.461283 0.47892;
p54 48 8.65602 0.5 0 48 11.9063 0.5 0 48 0.5 0 48 0.5 0 48 0.5 0 100
367 -7.72928 0 6 744.088 176 50 69 2.06452 4.95507 20 43 36 12 20 185
44 50 35 2.01613 10 0.291339 0.862165 0 0 0.185002 5.99887 1 8.58976
0 0.14574 912.931 1.12205 0.5 0 70.8962 0 61.9386 95.1509 154.245 137.198
3333.7 0.829255 0.5 0 0.817961 0 0.244094 0 0 0 0 0 0 0 0 0 0.814288
0.850001 0.385713 0.364285 0.364285 0.399999 0.521428 0.521428 0.385713
0.436508 0.423731 0.453935 0.461283 0.47892;
p44 81 5.86127 0.5 0.996151 75 12.4147 0.5 0.176648 102 0.5 0.827083
82 0.5 0.989413 67 0.5 0.988959 100 367 -9.27929 0 6 744.088 176 50
100 2.06452 2.6087 93.3993 297 -1.46 27 30 16 69 50 35 1 10 0.291339
0.862165 0 0 0.185002 5.99887 1 8.58976 0 0.14574 912.931 1.12205 0.5
0 70.8962 0 61.9386 95.1509 154.245 137.198 3333.7 0.829255 0.5 0 0.817961
0 0.244094 0 0 0 0 0 0 0 0 0 0.814288 0.850001 0.385713 0.364285 0.364285
0.399999 0.521428 0.521428 0.385713 0.436508 0.423731 0.453935 0.461283
0.47892;
p24 81 6.54891 0.5 0.996151 75 11.9827 0.5 0.752779 102 0.5 0.156811
82 0.5 0.0735196 41 0.5 0.119117 100 367 -9.27929 0 6 744.088 176 50
100 2.06452 2.6087 93.3993 297 -1.46 27 30 16 69 50 35 1 10 0.291339
0.862165 0 0 0.185002 5.99887 1 8.58976 0 0.14574 912.931 1.12205 0.5
0 70.8962 0 61.9386 95.1509 154.245 137.198 3333.7 0.829255 0.5 0 0.817961
0 0.244094 0 0 0 0 0 0 0 0 0 0.814288 0.850001 0.385713 0.364285 0.364285
0.399999 0.521428 0.521428 0.385713 0.436508 0.423731 0.453935 0.461283
0.47892;
p14 81 6.54891 0.5 0.996151 75 11.9827 0.5 0.752779 102 0.5 0.156811
82 0.5 0.0735196 41 0.5 0.119117 100 367 -9.27929 0 6 744.088 176 50
100 2.06452 2.6087 93.3993 297 -1.46 27 30 16 69 50 35 1 10 0.291339
0.862165 0 0 0.185002 5.99887 1 8.58976 0 0.14574 912.931 1.12205 0.5
0 70.8962 0 61.9386 95.1509 154.245 137.198 3333.7 0.829255 0.5 0 0.817961
0 0.244094 0 0 0 0 0 0 0 0 0 0.814288 0.850001 0.385713 0.364285 0.364285
0.399999 0.521428 0.521428 0.385713 0.436508 0.423731 0.453935 0.461283
0.47892;
p13 81 8.63426 0.5 0.996151 75 11.9827 0.5 0.752779 102 0.5 0.156811
82 0.5 0.0735196 41 0.5 0.119117 100 367 -9.27929 0 6 744.088 176 50
100 2.06452 2.6087 93.3993 297 -1.46 27 30 16 69 50 35 1 10 0.291339
0.862165 0 0 0.185002 5.99887 1 8.58976 0 0.14574 912.931 1.12205 0.5
0 70.8962 0 61.9386 95.1509 154.245 137.198 3333.7 0.829255 0.5 0 0.817961
0 0.244094 0 0 0 0 0 0 0 0 0 0.814288 0.850001 0.385713 0.364285 0.364285
0.399999 0.521428 0.521428 0.385713 0.436508 0.423731 0.453935 0.461283
0.47892;
p23 81 8.63426 0.5 0.996151 75 11.9827 0.5 0.752779 102 0.5 0.156811
82 0.5 0.0735196 41 0.5 0.119117 100 367 -9.27929 0 6 744.088 176 50
100 2.06452 2.6087 93.3993 297 -1.46 27 30 16 69 50 35 1 10 0.291339
0.862165 0 0 0.185002 5.99887 1 8.58976 0 0.14574 912.931 1.12205 0.5
0 70.8962 0 61.9386 95.1509 154.245 137.198 3333.7 0.829255 0.5 0 0.817961
0 0.244094 0 0 0 0 0 0 0 0 0 0.814288 0.850001 0.385713 0.364285 0.364285
0.399999 0.521428 0.521428 0.385713 0.436508 0.423731 0.453935 0.461283
0.47892;
p33 81 13.3732 0.5 0.996151 75 12.4147 0.5 0.752779 102 0.5 0.827083
82 0.5 0.989413 67 0.5 0.988959 100 367 -9.27929 0 6 744.088 176 50
100 2.06452 2.6087 93.3993 297 -1.46 27 30 16 69 50 35 1 10 0.291339
0.862165 0 0 0.185002 5.99887 1 8.58976 0 0.14574 912.931 1.12205 0.5
0 70.8962 0 61.9386 95.1509 154.245 137.198 3333.7 0.829255 0.5 0 0.817961
0 0.244094 0 0 0 0 0 0 0 0 0 0.814288 0.850001 0.385713 0.364285 0.364285
0.399999 0.521428 0.521428 0.385713 0.436508 0.423731 0.453935 0.461283
0.47892;
p43 81 13.3732 0.5 0.996151 75 12.4147 0.5 0.752779 102 0.5 0.827083
82 0.5 0.989413 67 0.5 0.988959 100 367 -9.27929 0 6 744.088 176 50
100 2.06452 2.6087 93.3993 297 -1.46 27 30 16 69 50 35 1 10 0.291339
0.862165 0 0 0.185002 5.99887 1 8.58976 0 0.14574 912.931 1.12205 0.5
0 70.8962 0 61.9386 95.1509 154.245 137.198 3333.7 0.829255 0.5 0 0.817961
0 0.244094 0 0 0 0 0 0 0 0 0 0.814288 0.850001 0.385713 0.364285 0.364285
0.399999 0.521428 0.521428 0.385713 0.436508 0.423731 0.453935 0.461283
0.47892;
p53 48 8.65602 0.5 0 48 11.9063 0.5 0 48 0.5 0 48 0.5 0 48 0.5 0 100
367 -7.72928 0 6 744.088 176 50 69 2.06452 4.95507 20 43 36 12 20 185
44 50 35 2.01613 10 0.291339 0.862165 0 0 0.185002 5.99887 1 8.58976
0 0.14574 912.931 1.12205 0.5 0 70.8962 0 61.9386 95.1509 154.245 137.198
3333.7 0.829255 0.5 0 0.817961 0 0.244094 0 0 0 0 0 0 0 0 0 0.814288
0.850001 0.385713 0.364285 0.364285 0.399999 0.521428 0.521428 0.385713
0.436508 0.423731 0.453935 0.461283 0.47892;
p52 48 8.65602 0.5 0 48 11.9063 0.5 0 48 0.5 0 48 0.5 0 48 0.5 0 100
367 -7.72928 0 6 744.088 176 50 69 2.06452 4.95507 20 43 36 12 20 185
44 50 35 2.01613 10 0.291339 0.862165 0 0 0.185002 5.99887 1 8.58976
0 0.14574 912.931 1.12205 0.5 0 70.8962 0 61.9386 95.1509 154.245 137.198
3333.7 0.829255 0.5 0 0.817961 0 0.244094 0 0 0 0 0 0 0 0 0 0.814288
0.850001 0.385713 0.364285 0.364285 0.399999 0.521428 0.521428 0.385713
0.436508 0.423731 0.453935 0.461283 0.47892;
p51 48 8.65602 0.5 0 48 11.9063 0.5 0 48 0.5 0 48 0.5 0 48 0.5 0 100
367 -7.72928 0 6 744.088 176 50 69 2.06452 4.95507 20 43 36 12 20 185
44 50 35 2.01613 10 0.291339 0.862165 0 0 0.185002 5.99887 1 8.58976
0 0.14574 912.931 1.12205 0.5 0 70.8962 0 61.9386 95.1509 154.245 137.198
3333.7 0.829255 0.5 0 0.817961 0 0.244094 0 0 0 0 0 0 0 0 0 0.814288
0.850001 0.385713 0.364285 0.364285 0.399999 0.521428 0.521428 0.385713
0.436508 0.423731 0.453935 0.461283 0.47892;
p42 81 13.3732 0.5 0.996151 75 12.4147 0.5 0.752779 102 0.5 0.827083
82 0.5 0.989413 41 0.5 0.119117 100 367 -9.27929 0 6 744.088 176 50
100 2.06452 2.6087 93.3993 297 -1.46 27 30 16 69 50 35 1 10 0.291339
0.862165 0 0 0.185002 5.99887 1 8.58976 0 0.14574 912.931 1.12205 0.5
0 70.8962 0 61.9386 95.1509 154.245 137.198 3333.7 0.829255 0.5 0 0.817961
0 0.244094 0 0 0 0 0 0 0 0 0 0.814288 0.850001 0.385713 0.364285 0.364285
0.399999 0.521428 0.521428 0.385713 0.436508 0.423731 0.453935 0.461283
0.47892;
p41 81 13.3732 0.5 0.996151 75 12.4147 0.5 0.752779 102 0.5 0.827083
82 0.5 0.0735196 41 0.5 0.119117 100 367 -9.27929 0 6 744.088 176 50
100 2.06452 2.6087 93.3993 297 -1.46 27 30 16 69 50 35 1 10 0.291339
0.862165 0 0 0.185002 5.99887 1 8.58976 0 0.14574 912.931 1.12205 0.5
0 70.8962 0 61.9386 95.1509 154.245 137.198 3333.7 0.829255 0.5 0 0.817961
0 0.244094 0 0 0 0 0 0 0 0 0 0.814288 0.850001 0.385713 0.364285 0.364285
0.399999 0.521428 0.521428 0.385713 0.436508 0.423731 0.453935 0.461283
0.47892;
p32 81 13.3732 0.5 0.996151 75 12.4147 0.5 0.752779 102 0.5 0.827083
82 0.5 0.989413 41 0.5 0.119117 100 367 -9.27929 0 6 744.088 176 50
100 2.06452 2.6087 93.3993 297 -1.46 27 30 16 69 50 35 1 10 0.291339
0.862165 0 0 0.185002 5.99887 1 8.58976 0 0.14574 912.931 1.12205 0.5
0 70.8962 0 61.9386 95.1509 154.245 137.198 3333.7 0.829255 0.5 0 0.817961
0 0.244094 0 0 0 0 0 0 0 0 0 0.814288 0.850001 0.385713 0.364285 0.364285
0.399999 0.521428 0.521428 0.385713 0.436508 0.423731 0.453935 0.461283
0.47892;
p31 81 13.3732 0.5 0.996151 75 12.4147 0.5 0.752779 102 0.5 0.827083
82 0.5 0.0735196 41 0.5 0.119117 100 367 -9.27929 0 6 744.088 176 50
100 2.06452 2.6087 93.3993 297 -1.46 27 30 16 69 50 35 1 10 0.291339
0.862165 0 0 0.185002 5.99887 1 8.58976 0 0.14574 912.931 1.12205 0.5
0 70.8962 0 61.9386 95.1509 154.245 137.198 3333.7 0.829255 0.5 0 0.817961
0 0.244094 0 0 0 0 0 0 0 0 0 0.814288 0.850001 0.385713 0.364285 0.364285
0.399999 0.521428 0.521428 0.385713 0.436508 0.423731 0.453935 0.461283
0.47892;
p22 81 11.5176 0.5 0.996151 75 11.9827 0.5 0.752779 102 0.5 0.156811
82 0.5 0.0735196 41 0.5 0.119117 100 367 -9.27929 0 6 744.088 176 50
100 2.06452 2.6087 93.3993 297 -1.46 27 30 16 69 50 35 1 10 0.291339
0.862165 0 0 0.185002 5.99887 1 8.58976 0 0.14574 912.931 1.12205 0.5
0 70.8962 0 61.9386 95.1509 154.245 137.198 3333.7 0.829255 0.5 0 0.817961
0 0.244094 0 0 0 0 0 0 0 0 0 0.814288 0.850001 0.385713 0.364285 0.364285
0.399999 0.521428 0.521428 0.385713 0.436508 0.423731 0.453935 0.461283
0.47892;
p21 81 14.8172 0.5 0.996151 75 11.9827 0.5 0.752779 102 0.5 0.156811
82 0.5 0.0735196 41 0.5 0.119117 100 367 -9.27929 0 6 744.088 176 50
100 2.06452 2.6087 93.3993 297 -1.46 27 30 16 69 50 35 1 10 0.291339
0.862165 0 0 0.185002 5.99887 1 8.58976 0 0.14574 912.931 1.12205 0.5
0 70.8962 0 61.9386 95.1509 154.245 137.198 3333.7 0.829255 0.5 0 0.817961
0 0.244094 0 0 0 0 0 0 0 0 0 0.814288 0.850001 0.385713 0.364285 0.364285
0.399999 0.521428 0.521428 0.385713 0.436508 0.423731 0.453935 0.461283
0.47892;
p12 81 11.5176 0.5 0.996151 75 11.9827 0.5 0.752779 102 0.5 0.156811
82 0.5 0.0735196 41 0.5 0.119117 100 367 -9.27929 0 6 744.088 176 50
100 2.06452 2.6087 93.3993 297 -1.46 27 30 16 69 50 35 1 10 0.291339
0.862165 0 0 0.185002 5.99887 1 8.58976 0 0.14574 912.931 1.12205 0.5
0 70.8962 0 61.9386 95.1509 154.245 137.198 3333.7 0.829255 0.5 0 0.817961
0 0.244094 0 0 0 0 0 0 0 0 0 0.814288 0.850001 0.385713 0.364285 0.364285
0.399999 0.521428 0.521428 0.385713 0.436508 0.423731 0.453935 0.461283
0.47892;
p11 81 14.8172 0.5 0.996151 75 11.9827 0.5 0.752779 102 0.5 0.156811
82 0.5 0.0735196 41 0.5 0.119117 100 367 -9.27929 0 6 744.088 176 50
100 2.06452 2.6087 93.3993 297 -1.46 27 30 16 69 50 35 1 10 0.291339
0.862165 0 0 0.185002 5.99887 1 8.58976 0 0.14574 912.931 1.12205 0.5
0 70.8962 0 61.9386 95.1509 154.245 137.198 3333.7 0.829255 0.5 0 0.817961
0 0.244094 0 0 0 0 0 0 0 0 0 0.814288 0.850001 0.385713 0.364285 0.364285
0.399999 0.521428 0.521428 0.385713 0.436508 0.423731 0.453935 0.461283
0.47892;
LFO-ctrl-2 0;
LFO-waveform-2 0;
LFO-am-fm-phase-2 0;
LFO-ctrl-3 0;
LFO-waveform-3 0;
LFO-am-fm-phase-3 0;
granulate-sample-2 bells_1.wav;
granulate-start-2 1;
granulate-ctrl-2 1;
gens-ctl-2 1;
gens-waveform-2 2;
gens-ctl-3 1;
gens-waveform-3 3;
aniosc-ctl-2 1;
aniosc-wave-2 5;
granulate-sample-1 bells_2.wav;
granulate-start-1 1;
granulate-ctrl-1 1;
gens-ctl-1 1;
gens-waveform-1 2;
LFO-ctrl-1 0;
LFO-waveform-1 0;
LFO-am-fm-phase-1 0;
FM-invertt-5 0;
lfo-FM-amt-5 33;
lfo-FM-5 0;
lfo-AM-5 0;
lfo-route-dest-5 0;
lfo-FM-amt-4 128;
FM-invertt-4 0;
lfo-FM-4 0;
lfo-AM-4 0;
lfo-route-dest-4 0;
adsr-amp-ctrl 1;
main-adsr-mode 2;
adsr-2-ctrl 1;
adsr-1-ctrl 1;
lfo-FM-3 0;
lfo-AM-3 0;
lfo-route-dest-3 0;
lfo-FM-2 0;
lfo-AM-2 0;
lfo-route-dest-2 0;
aniosc-ctl-1 1;
aniosc-wave-1 14;
delay-ctrl 1;
reso-lvl-ctrl 1;
reso-pitch-ctrl 1;
crush-ctrl 1;
extreme-drive 0;
drive-ctrl 1;
filter-ctrl 1;
lfo-FM-1 0;
lfo-AM-1 0;
lfo-route-dest-1 0;
main-mix-ctrl 1;
