glide 40.201;
color-cp17 -1.10285e+07;
color-cp16 -1.10285e+07;
color-cp15 -1.10285e+07;
color-cp14 -1.10285e+07;
color-cp13 -1.10285e+07;
color-cp12 -1.10285e+07;
color-cp11 -1.10285e+07;
color-cp37 -1.10285e+07;
color-cp36 -1.10285e+07;
color-cp35 -1.10285e+07;
color-cp34 -1.10285e+07;
color-cp33 -1.10285e+07;
color-cp32 -1.10285e+07;
color-cp31 -1.10285e+07;
color-cp57 -1.10285e+07;
color-cp56 -1.10285e+07;
color-cp55 -1.10285e+07;
color-cp54 -1.10285e+07;
color-cp53 -1.10285e+07;
color-cp52 -1.10285e+07;
color-cp51 -1.10285e+07;
color-cp41 -1.10285e+07;
color-cp42 -1.10285e+07;
color-cp43 -1.10285e+07;
color-cp44 -1.10285e+07;
color-cp45 -1.10285e+07;
color-cp46 -1.10285e+07;
color-cp47 -1.10285e+07;
color-cp21 -1.10285e+07;
color-cp22 -1.10285e+07;
color-cp23 -1.10285e+07;
color-cp24 -1.10285e+07;
color-cp25 -1.10285e+07;
color-cp26 -1.10285e+07;
color-cp27 -1.10285e+07;
preset_name 7;
p34 48 8.65602 0.5 0 48 11.9063 0.5 0 48 0.5 0 48 0.5 0 48 0.5 0 100
367 -10.8581 0 6 984 176 50 69 2.06452 4.95507 100 251 -7 12 30 183
205 50 35 2.01613 10 0.291339 0.862165 0 0 102.19 0.535433 0 8.58976
1 564.931 564.931 0.673228 3588.35 0.838583 0.5 0.393701 63.9386 62.1509
11 20.198 30 10 5000 0.95443 0.5 1 0.244094 0 0 0 0 0 0 0 0 0 0.814288
0.850001 0.385713 0.364285 0.364285 0.399999 0.521428 0.521428 0.385713
0.436508 0.423731 0.453935 0.461283 0.47892;
p17 48 8.65602 0.5 0 48 11.9063 0.5 0 48 0.5 0 48 0.5 0 48 0.5 0 100
367 -10.8581 0 6 753 176 50 69 2.06452 4.95507 100 251 -7 12 30 183
205 50 35 2.01613 10 0.291339 0.862165 0 0 111 0.834646 2 8.58976 1
564.931 564.931 0.673228 3588.35 0.838583 0.5 0.393701 63.9386 62.1509
11 20.198 30 10 5000 0.95443 0.5 1 0.244094 0 0 0 0 0 0 0 0 0 0.814288
0.850001 0.385713 0.364285 0.364285 0.399999 0.521428 0.521428 0.385713
0.436508 0.423731 0.453935 0.461283 0.47892;
p27 48 8.65602 0.5 0 48 11.9063 0.5 0 48 0.5 0 48 0.5 0 48 0.5 0 100
367 -10.8581 0 6 984 176 50 69 2.06452 4.95507 100 251 -7 12 30 183
205 50 35 2.01613 10 0.291339 0.862165 0 0 103.19 0.834646 0 8.58976
1 564.931 564.931 0.673228 3588.35 0.838583 0.5 0.393701 63.9386 62.1509
11 20.198 30 10 5000 0.95443 0.5 1 0.244094 0 0 0 0 0 0 0 0 0 0.814288
0.850001 0.385713 0.364285 0.364285 0.399999 0.521428 0.521428 0.385713
0.436508 0.423731 0.453935 0.461283 0.47892;
p37 48 8.65602 0.5 0 48 11.9063 0.5 0 48 0.5 0 48 0.5 0 48 0.5 0 100
367 -10.8581 0 6 984 176 50 69 2.06452 4.95507 100 251 -7 12 30 183
205 50 35 2.01613 10 0.291339 0.862165 0 0 102.19 0.535433 0 8.58976
1 564.931 564.931 0.673228 3588.35 0.838583 0.5 0.393701 63.9386 62.1509
11 20.198 30 10 5000 0.95443 0.5 1 0.244094 0 0 0 0 0 0 0 0 0 0.814288
0.850001 0.385713 0.364285 0.364285 0.399999 0.521428 0.521428 0.385713
0.436508 0.423731 0.453935 0.461283 0.47892;
p47 48 8.65602 0.5 0 48 11.9063 0.5 0 48 0.5 0 48 0.5 0 48 0.5 0 100
367 -10.8581 0 6 852 176 50 69 2.06452 4.95507 100 251 -11 12 30 114
205 50 35 2.01613 10 0.291339 0.862165 0 0 68.19 0.535433 0 8.58976
1 564.931 564.931 0.673228 3588.35 0.838583 0.5 0.393701 63.9386 62.1509
11 20.198 30 10 5000 0.95443 0.5 1 0.244094 0 0 0 0 0 0 0 0 0 0.814288
0.850001 0.385713 0.364285 0.364285 0.399999 0.521428 0.521428 0.385713
0.436508 0.423731 0.453935 0.461283 0.47892;
p57 48 8.65602 0.5 0 48 11.9063 0.5 0 48 0.5 0 48 0.5 0 48 0.5 0 100
367 -10.8581 0 6 852 176 50 69 2.06452 4.95507 100 251 -11 12 30 114
205 50 35 2.01613 10 0.291339 0.862165 0 0 39.19 0.535433 0 8.58976
1 564.931 564.931 0.673228 3588.35 0.838583 0.5 0.393701 63.9386 62.1509
11 20.198 30 10 5000 0.95443 0.5 1 0.244094 0 0 0 0 0 0 0 0 0 0.814288
0.850001 0.385713 0.364285 0.364285 0.399999 0.521428 0.521428 0.385713
0.436508 0.423731 0.453935 0.461283 0.47892;
p56 48 8.65602 0.5 0 48 11.9063 0.5 0 48 0.5 0 48 0.5 0 48 0.5 0 100
367 -10.8581 0 6 852 176 50 69 2.06452 4.95507 100 251 -11 12 30 114
205 50 35 2.01613 10 0.291339 0.862165 0 0 39.19 0.535433 0 8.58976
1 564.931 564.931 0.673228 3588.35 0.838583 0.5 0.393701 63.9386 62.1509
11 20.198 30 10 5000 0.95443 0.5 1 0.244094 0 0 0 0 0 0 0 0 0 0.814288
0.850001 0.385713 0.364285 0.364285 0.399999 0.521428 0.521428 0.385713
0.436508 0.423731 0.453935 0.461283 0.47892;
p46 48 8.65602 0.5 0 48 11.9063 0.5 0 48 0.5 0 48 0.5 0 48 0.5 0 100
367 -10.8581 0 6 852 176 50 69 2.06452 4.95507 100 251 -11 12 30 114
205 50 35 2.01613 10 0.291339 0.862165 0 0 68.19 0.535433 0 8.58976
1 564.931 564.931 0.673228 3588.35 0.838583 0.5 0.393701 63.9386 62.1509
11 20.198 30 10 5000 0.95443 0.5 1 0.244094 0 0 0 0 0 0 0 0 0 0.814288
0.850001 0.385713 0.364285 0.364285 0.399999 0.521428 0.521428 0.385713
0.436508 0.423731 0.453935 0.461283 0.47892;
p36 48 8.65602 0.5 0 48 11.9063 0.5 0 48 0.5 0 48 0.5 0 48 0.5 0 100
367 -10.8581 0 6 984 176 50 69 2.06452 4.95507 100 251 -7 12 30 183
205 50 35 2.01613 10 0.291339 0.862165 0 0 102.19 0.535433 0 8.58976
1 564.931 564.931 0.673228 3588.35 0.838583 0.5 0.393701 63.9386 62.1509
11 20.198 30 10 5000 0.95443 0.5 1 0.244094 0 0 0 0 0 0 0 0 0 0.814288
0.850001 0.385713 0.364285 0.364285 0.399999 0.521428 0.521428 0.385713
0.436508 0.423731 0.453935 0.461283 0.47892;
p26 48 8.65602 0.5 0 48 11.9063 0.5 0 48 0.5 0 48 0.5 0 48 0.5 0 100
367 -10.8581 0 6 984 176 50 69 2.06452 4.95507 100 251 -7 12 30 183
205 50 35 2.01613 10 0.291339 0.862165 0 0 103.19 0.834646 0 8.58976
1 564.931 564.931 0.673228 3588.35 0.838583 0.5 0.393701 63.9386 62.1509
11 20.198 30 10 5000 0.95443 0.5 1 0.244094 0 0 0 0 0 0 0 0 0 0.814288
0.850001 0.385713 0.364285 0.364285 0.399999 0.521428 0.521428 0.385713
0.436508 0.423731 0.453935 0.461283 0.47892;
p16 48 8.65602 0.5 0 48 11.9063 0.5 0 48 0.5 0 48 0.5 0 48 0.5 0 100
367 -10.8581 0 6 753 176 50 69 2.06452 4.95507 100 251 -7 12 30 183
205 50 35 2.01613 10 0.291339 0.862165 0 0 111 0.834646 2 8.58976 1
564.931 564.931 0.673228 3588.35 0.838583 0.5 0.393701 63.9386 62.1509
11 20.198 30 10 5000 0.95443 0.5 1 0.244094 0 0 0 0 0 0 0 0 0 0.814288
0.850001 0.385713 0.364285 0.364285 0.399999 0.521428 0.521428 0.385713
0.436508 0.423731 0.453935 0.461283 0.47892;
p15 48 8.65602 0.5 0 48 11.9063 0.5 0 48 0.5 0 48 0.5 0 48 0.5 0 100
367 -10.8581 0 6 753 176 50 69 2.06452 4.95507 100 251 -7 12 30 183
205 50 35 2.01613 10 0.291339 0.862165 0 0 111 0.834646 2 8.58976 1
564.931 564.931 0.673228 3588.35 0.838583 0.5 0.393701 63.9386 62.1509
11 20.198 30 10 5000 0.95443 0.5 1 0.244094 0 0 0 0 0 0 0 0 0 0.814288
0.850001 0.385713 0.364285 0.364285 0.399999 0.521428 0.521428 0.385713
0.436508 0.423731 0.453935 0.461283 0.47892;
p25 48 8.65602 0.5 0 48 11.9063 0.5 0 48 0.5 0 48 0.5 0 48 0.5 0 100
367 -10.8581 0 6 984 176 50 69 2.06452 4.95507 100 251 -7 12 30 183
205 50 35 2.01613 10 0.291339 0.862165 0 0 103.19 0.834646 0 8.58976
1 564.931 564.931 0.673228 3588.35 0.838583 0.5 0.393701 63.9386 62.1509
11 20.198 30 10 5000 0.95443 0.5 1 0.244094 0 0 0 0 0 0 0 0 0 0.814288
0.850001 0.385713 0.364285 0.364285 0.399999 0.521428 0.521428 0.385713
0.436508 0.423731 0.453935 0.461283 0.47892;
p35 48 8.65602 0.5 0 48 11.9063 0.5 0 48 0.5 0 48 0.5 0 48 0.5 0 100
367 -10.8581 0 6 984 176 50 69 2.06452 4.95507 100 251 -7 12 30 183
205 50 35 2.01613 10 0.291339 0.862165 0 0 102.19 0.535433 0 8.58976
1 564.931 564.931 0.673228 3588.35 0.838583 0.5 0.393701 63.9386 62.1509
11 20.198 30 10 5000 0.95443 0.5 1 0.244094 0 0 0 0 0 0 0 0 0 0.814288
0.850001 0.385713 0.364285 0.364285 0.399999 0.521428 0.521428 0.385713
0.436508 0.423731 0.453935 0.461283 0.47892;
p45 48 8.65602 0.5 0 48 11.9063 0.5 0 48 0.5 0 48 0.5 0 48 0.5 0 100
367 -10.8581 0 6 852 176 50 69 2.06452 4.95507 100 251 -11 12 30 114
205 50 35 2.01613 10 0.291339 0.862165 0 0 68.19 0.535433 0 8.58976
1 564.931 564.931 0.673228 3588.35 0.838583 0.5 0.393701 63.9386 62.1509
11 20.198 30 10 5000 0.95443 0.5 1 0.244094 0 0 0 0 0 0 0 0 0 0.814288
0.850001 0.385713 0.364285 0.364285 0.399999 0.521428 0.521428 0.385713
0.436508 0.423731 0.453935 0.461283 0.47892;
p55 48 8.65602 0.5 0 48 11.9063 0.5 0 48 0.5 0 48 0.5 0 48 0.5 0 100
367 -10.8581 0 6 852 176 50 69 2.06452 4.95507 100 251 -11 12 30 114
205 50 35 2.01613 10 0.291339 0.862165 0 0 39.19 0.535433 0 8.58976
1 564.931 564.931 0.673228 3588.35 0.838583 0.5 0.393701 63.9386 62.1509
11 20.198 30 10 5000 0.95443 0.5 1 0.244094 0 0 0 0 0 0 0 0 0 0.814288
0.850001 0.385713 0.364285 0.364285 0.399999 0.521428 0.521428 0.385713
0.436508 0.423731 0.453935 0.461283 0.47892;
p54 48 8.65602 0.5 0 48 11.9063 0.5 0 48 0.5 0 48 0.5 0 48 0.5 0 100
367 -10.8581 0 6 852 176 50 69 2.06452 4.95507 100 251 -11 12 30 114
205 50 35 2.01613 10 0.291339 0.862165 0 0 39.19 0.535433 0 8.58976
1 564.931 564.931 0.673228 3588.35 0.838583 0.5 0.393701 63.9386 62.1509
11 20.198 30 10 5000 0.95443 0.5 1 0.244094 0 0 0 0 0 0 0 0 0 0.814288
0.850001 0.385713 0.364285 0.364285 0.399999 0.521428 0.521428 0.385713
0.436508 0.423731 0.453935 0.461283 0.47892;
p44 48 8.65602 0.5 0 48 11.9063 0.5 0 48 0.5 0 48 0.5 0 48 0.5 0 100
367 -10.8581 0 6 852 176 50 69 2.06452 4.95507 100 251 -11 12 30 114
205 50 35 2.01613 10 0.291339 0.862165 0 0 68.19 0.535433 0 8.58976
1 564.931 564.931 0.673228 3588.35 0.838583 0.5 0.393701 63.9386 62.1509
11 20.198 30 10 5000 0.95443 0.5 1 0.244094 0 0 0 0 0 0 0 0 0 0.814288
0.850001 0.385713 0.364285 0.364285 0.399999 0.521428 0.521428 0.385713
0.436508 0.423731 0.453935 0.461283 0.47892;
p24 48 8.65602 0.5 0 48 11.9063 0.5 0 48 0.5 0 48 0.5 0 48 0.5 0 100
367 -10.8581 0 6 984 176 50 69 2.06452 4.95507 100 251 -7 12 30 183
205 50 35 2.01613 10 0.291339 0.862165 0 0 103.19 0.834646 0 8.58976
1 564.931 564.931 0.673228 3588.35 0.838583 0.5 0.393701 63.9386 62.1509
11 20.198 30 10 5000 0.95443 0.5 1 0.244094 0 0 0 0 0 0 0 0 0 0.814288
0.850001 0.385713 0.364285 0.364285 0.399999 0.521428 0.521428 0.385713
0.436508 0.423731 0.453935 0.461283 0.47892;
p14 48 8.65602 0.5 0 48 11.9063 0.5 0 48 0.5 0 48 0.5 0 48 0.5 0 100
367 -10.8581 0 6 753 176 50 69 2.06452 4.95507 100 251 -7 12 30 183
205 50 35 2.01613 10 0.291339 0.862165 0 0 111 0.834646 2 8.58976 1
564.931 564.931 0.673228 3588.35 0.838583 0.5 0.393701 63.9386 62.1509
11 20.198 30 10 5000 0.95443 0.5 1 0.244094 0 0 0 0 0 0 0 0 0 0.814288
0.850001 0.385713 0.364285 0.364285 0.399999 0.521428 0.521428 0.385713
0.436508 0.423731 0.453935 0.461283 0.47892;
p13 48 8.65602 0.5 0 48 11.9063 0.5 0 48 0.5 0 48 0.5 0 48 0.5 0 100
367 -10.8581 0 6 753 176 50 69 2.06452 4.95507 100 251 -7 12 30 183
205 50 35 2.01613 10 0.291339 0.862165 0 0 111 0.834646 2 8.58976 1
564.931 564.931 0.673228 3588.35 0.838583 0.5 0.393701 63.9386 62.1509
11 20.198 30 10 5000 0.95443 0.5 1 0.244094 0 0 0 0 0 0 0 0 0 0.814288
0.850001 0.385713 0.364285 0.364285 0.399999 0.521428 0.521428 0.385713
0.436508 0.423731 0.453935 0.461283 0.47892;
p23 48 8.65602 0.5 0 48 11.9063 0.5 0 48 0.5 0 48 0.5 0 48 0.5 0 100
367 -10.8581 0 6 984 176 50 69 2.06452 4.95507 100 251 -7 12 30 183
205 50 35 2.01613 10 0.291339 0.862165 0 0 103.19 0.834646 0 8.58976
1 564.931 564.931 0.673228 3588.35 0.838583 0.5 0.393701 63.9386 62.1509
11 20.198 30 10 5000 0.95443 0.5 1 0.244094 0 0 0 0 0 0 0 0 0 0.814288
0.850001 0.385713 0.364285 0.364285 0.399999 0.521428 0.521428 0.385713
0.436508 0.423731 0.453935 0.461283 0.47892;
p33 48 8.65602 0.5 0 48 11.9063 0.5 0 48 0.5 0 48 0.5 0 48 0.5 0 100
367 -10.8581 0 6 984 176 50 69 2.06452 4.95507 100 251 -7 12 30 183
205 50 35 2.01613 10 0.291339 0.862165 0 0 102.19 0.535433 0 8.58976
1 564.931 564.931 0.673228 3588.35 0.838583 0.5 0.393701 63.9386 62.1509
11 20.198 30 10 5000 0.95443 0.5 1 0.244094 0 0 0 0 0 0 0 0 0 0.814288
0.850001 0.385713 0.364285 0.364285 0.399999 0.521428 0.521428 0.385713
0.436508 0.423731 0.453935 0.461283 0.47892;
p43 48 8.65602 0.5 0 48 11.9063 0.5 0 48 0.5 0 48 0.5 0 48 0.5 0 100
367 -10.8581 0 6 852 176 50 69 2.06452 4.95507 100 251 -11 12 30 114
205 50 35 2.01613 10 0.291339 0.862165 0 0 68.19 0.535433 0 8.58976
1 564.931 564.931 0.673228 3588.35 0.838583 0.5 0.393701 63.9386 62.1509
11 20.198 30 10 5000 0.95443 0.5 1 0.244094 0 0 0 0 0 0 0 0 0 0.814288
0.850001 0.385713 0.364285 0.364285 0.399999 0.521428 0.521428 0.385713
0.436508 0.423731 0.453935 0.461283 0.47892;
p53 48 8.65602 0.5 0 48 11.9063 0.5 0 48 0.5 0 48 0.5 0 48 0.5 0 100
367 -10.8581 0 6 852 176 50 69 2.06452 4.95507 100 251 -11 12 30 114
205 50 35 2.01613 10 0.291339 0.862165 0 0 39.19 0.535433 0 8.58976
1 564.931 564.931 0.673228 3588.35 0.838583 0.5 0.393701 63.9386 62.1509
11 20.198 30 10 5000 0.95443 0.5 1 0.244094 0 0 0 0 0 0 0 0 0 0.814288
0.850001 0.385713 0.364285 0.364285 0.399999 0.521428 0.521428 0.385713
0.436508 0.423731 0.453935 0.461283 0.47892;
p52 48 8.65602 0.5 0 48 11.9063 0.5 0 48 0.5 0 48 0.5 0 48 0.5 0 100
367 -10.8581 0 6 852 176 50 69 2.06452 4.95507 100 251 -11 12 30 114
205 50 35 2.01613 10 0.291339 0.862165 0 0 39.19 0.535433 0 8.58976
1 564.931 564.931 0.673228 3588.35 0.838583 0.5 0.393701 63.9386 62.1509
11 20.198 30 10 5000 0.95443 0.5 1 0.244094 0 0 0 0 0 0 0 0 0 0.814288
0.850001 0.385713 0.364285 0.364285 0.399999 0.521428 0.521428 0.385713
0.436508 0.423731 0.453935 0.461283 0.47892;
p51 48 8.65602 0.5 0 48 11.9063 0.5 0 48 0.5 0 48 0.5 0 48 0.5 0 100
367 -10.8581 0 6 852 176 50 69 2.06452 4.95507 100 251 -11 12 30 114
205 50 35 2.01613 10 0.291339 0.862165 0 0 39.19 0.535433 0 8.58976
1 564.931 564.931 0.673228 3588.35 0.838583 0.5 0.393701 63.9386 62.1509
11 20.198 30 10 5000 0.95443 0.5 1 0.244094 0 0 0 0 0 0 0 0 0 0.814288
0.850001 0.385713 0.364285 0.364285 0.399999 0.521428 0.521428 0.385713
0.436508 0.423731 0.453935 0.461283 0.47892;
p42 48 8.65602 0.5 0 48 11.9063 0.5 0 48 0.5 0 48 0.5 0 48 0.5 0 100
367 -10.8581 0 6 852 176 50 69 2.06452 4.95507 100 251 -11 12 30 114
205 50 35 2.01613 10 0.291339 0.862165 0 0 68.19 0.535433 0 8.58976
1 564.931 564.931 0.673228 3588.35 0.838583 0.5 0.393701 63.9386 62.1509
11 20.198 30 10 5000 0.95443 0.5 1 0.244094 0 0 0 0 0 0 0 0 0 0.814288
0.850001 0.385713 0.364285 0.364285 0.399999 0.521428 0.521428 0.385713
0.436508 0.423731 0.453935 0.461283 0.47892;
p41 48 8.65602 0.5 0 48 11.9063 0.5 0 48 0.5 0 48 0.5 0 48 0.5 0 100
367 -10.8581 0 6 852 176 50 69 2.06452 4.95507 100 251 -11 12 30 114
205 50 35 2.01613 10 0.291339 0.862165 0 0 68.19 0.535433 0 8.58976
1 564.931 564.931 0.673228 3588.35 0.838583 0.5 0.393701 63.9386 62.1509
11 20.198 30 10 5000 0.95443 0.5 1 0.244094 0 0 0 0 0 0 0 0 0 0.814288
0.850001 0.385713 0.364285 0.364285 0.399999 0.521428 0.521428 0.385713
0.436508 0.423731 0.453935 0.461283 0.47892;
p32 48 8.65602 0.5 0 48 11.9063 0.5 0 48 0.5 0 48 0.5 0 48 0.5 0 100
367 -10.8581 0 6 984 176 50 69 2.06452 4.95507 100 251 -7 12 30 183
205 50 35 2.01613 10 0.291339 0.862165 0 0 102.19 0.535433 0 8.58976
1 564.931 564.931 0.673228 3588.35 0.838583 0.5 0.393701 63.9386 62.1509
11 20.198 30 10 5000 0.95443 0.5 1 0.244094 0 0 0 0 0 0 0 0 0 0.814288
0.850001 0.385713 0.364285 0.364285 0.399999 0.521428 0.521428 0.385713
0.436508 0.423731 0.453935 0.461283 0.47892;
p31 48 8.65602 0.5 0 48 11.9063 0.5 0 48 0.5 0 48 0.5 0 48 0.5 0 100
367 -10.8581 0 6 984 176 50 69 2.06452 4.95507 100 251 -7 12 30 183
205 50 35 2.01613 10 0.291339 0.862165 0 0 102.19 0.535433 0 8.58976
1 564.931 564.931 0.673228 3588.35 0.838583 0.5 0.393701 63.9386 62.1509
11 20.198 30 10 5000 0.95443 0.5 1 0.244094 0 0 0 0 0 0 0 0 0 0.814288
0.850001 0.385713 0.364285 0.364285 0.399999 0.521428 0.521428 0.385713
0.436508 0.423731 0.453935 0.461283 0.47892;
p22 48 8.65602 0.5 0 48 11.9063 0.5 0 48 0.5 0 48 0.5 0 48 0.5 0 100
367 -10.8581 0 6 984 176 50 69 2.06452 4.95507 100 251 -7 12 30 183
205 50 35 2.01613 10 0.291339 0.862165 0 0 103.19 0.834646 0 8.58976
1 564.931 564.931 0.673228 3588.35 0.838583 0.5 0.393701 63.9386 62.1509
11 20.198 30 10 5000 0.95443 0.5 1 0.244094 0 0 0 0 0 0 0 0 0 0.814288
0.850001 0.385713 0.364285 0.364285 0.399999 0.521428 0.521428 0.385713
0.436508 0.423731 0.453935 0.461283 0.47892;
p21 48 8.65602 0.5 0 48 11.9063 0.5 0 48 0.5 0 48 0.5 0 48 0.5 0 100
367 -10.8581 0 6 984 176 50 69 2.06452 4.95507 100 251 -7 12 30 183
205 50 35 2.01613 10 0.291339 0.862165 0 0 103.19 0.834646 0 8.58976
1 564.931 564.931 0.673228 3588.35 0.838583 0.5 0.393701 63.9386 62.1509
11 20.198 30 10 5000 0.95443 0.5 1 0.244094 0 0 0 0 0 0 0 0 0 0.814288
0.850001 0.385713 0.364285 0.364285 0.399999 0.521428 0.521428 0.385713
0.436508 0.423731 0.453935 0.461283 0.47892;
p12 48 8.65602 0.5 0 48 11.9063 0.5 0 48 0.5 0 48 0.5 0 48 0.5 0 100
367 -10.8581 0 6 753 176 50 69 2.06452 4.95507 100 251 -7 12 30 183
205 50 35 2.01613 10 0.291339 0.862165 0 0 111 0.834646 2 8.58976 1
564.931 564.931 0.673228 3588.35 0.838583 0.5 0.393701 63.9386 62.1509
11 20.198 30 10 5000 0.95443 0.5 1 0.244094 0 0 0 0 0 0 0 0 0 0.814288
0.850001 0.385713 0.364285 0.364285 0.399999 0.521428 0.521428 0.385713
0.436508 0.423731 0.453935 0.461283 0.47892;
p11 48 8.65602 0.5 0 48 11.9063 0.5 0 48 0.5 0 48 0.5 0 48 0.5 0 100
367 -10.8581 0 6 753 176 50 69 2.06452 4.95507 100 251 -7 12 30 183
205 50 35 2.01613 10 0.291339 0.862165 0 0 111 0.834646 2 8.58976 1
564.931 564.931 0.673228 3588.35 0.838583 0.5 0.393701 63.9386 62.1509
11 20.198 30 10 5000 0.95443 0.5 1 0.244094 0 0 0 0 0 0 0 0 0 0.814288
0.850001 0.385713 0.364285 0.364285 0.399999 0.521428 0.521428 0.385713
0.436508 0.423731 0.453935 0.461283 0.47892;
LFO-ctrl-2 0;
LFO-waveform-2 0;
LFO-am-fm-phase-2 0;
LFO-ctrl-3 0;
LFO-waveform-3 0;
LFO-am-fm-phase-3 0;
granulate-sample-2 bells_1.wav;
granulate-start-2 1;
granulate-ctrl-2 1;
gens-ctl-2 1;
gens-waveform-2 2;
gens-ctl-3 1;
gens-waveform-3 3;
aniosc-ctl-2 1;
aniosc-wave-2 5;
granulate-sample-1 bells_2.wav;
granulate-start-1 1;
granulate-ctrl-1 1;
gens-ctl-1 1;
gens-waveform-1 2;
LFO-ctrl-1 0;
LFO-waveform-1 0;
LFO-am-fm-phase-1 0;
FM-invertt-5 0;
lfo-FM-amt-5 33;
lfo-FM-5 0;
lfo-AM-5 0;
lfo-route-dest-5 0;
lfo-FM-amt-4 128;
FM-invertt-4 0;
lfo-FM-4 0;
lfo-AM-4 0;
lfo-route-dest-4 0;
adsr-amp-ctrl 1;
main-adsr-mode 1;
adsr-2-ctrl 1;
adsr-1-ctrl 1;
lfo-FM-3 0;
lfo-AM-3 0;
lfo-route-dest-3 0;
lfo-FM-2 0;
lfo-AM-2 0;
lfo-route-dest-2 0;
aniosc-ctl-1 1;
aniosc-wave-1 12;
delay-ctrl 1;
reso-lvl-ctrl 1;
reso-pitch-ctrl 1;
crush-ctrl 1;
extreme-drive 0;
drive-ctrl 1;
filter-ctrl 1;
lfo-FM-1 0;
lfo-AM-1 0;
lfo-route-dest-1 0;
main-mix-ctrl 1;
