glide 40.201;
color-cp17 -1.61758e+07;
color-cp16 -1.61758e+07;
color-cp15 -1.61758e+07;
color-cp14 -1.61758e+07;
color-cp13 -1.61758e+07;
color-cp12 -1.61758e+07;
color-cp11 -1.61758e+07;
color-cp37 -6.15419e+06;
color-cp36 -6.15419e+06;
color-cp35 -6.15419e+06;
color-cp34 -6.15419e+06;
color-cp33 -4.35585e+06;
color-cp32 -3.73106e+06;
color-cp31 -3.73106e+06;
color-cp57 -6.15419e+06;
color-cp56 -6.15419e+06;
color-cp55 -6.15419e+06;
color-cp54 -6.15419e+06;
color-cp53 -4.35585e+06;
color-cp52 -3.73106e+06;
color-cp51 -3.73106e+06;
color-cp41 -3.73106e+06;
color-cp42 -3.73106e+06;
color-cp43 -4.35585e+06;
color-cp44 -6.15419e+06;
color-cp45 -6.15419e+06;
color-cp46 -6.15419e+06;
color-cp47 -6.15419e+06;
color-cp21 -1.61758e+07;
color-cp22 -1.61758e+07;
color-cp23 -1.61758e+07;
color-cp24 -1.61758e+07;
color-cp25 -1.61758e+07;
color-cp26 -1.61758e+07;
color-cp27 -1.61758e+07;
preset_name lone_hobbs;
p34 50 3.34533 0.168141 0.0630507 38.8612 5.01496 0.644127 0.00571038
82 0.499756 0.574074 63 0.5 0.801022 54 0.509526 0.0193288 100 604.353
8.842 4.83606 3 349.232 897.438 40.5125 64.6721 3 7.26818 43.6765 165.974
-10.098 0 15 115.997 8.13539 50 46.7248 3 4.10881 0.291339 0.862165
0 2.35028e-06 82.6886 0.536429 1 8.58976 0.999997 0.14574 912.931 1.12205
0.5 0 70.8962 0 61.9386 95.1509 154.245 137.198 3333.7 0.829255 0.5
0 0.817961 0 0.976378 0.715421 2.074 0 0 0 0 0 0 0 0.814288 0.850001
0.385713 0.364285 0.364285 0.399999 0.521428 0.521428 0.385713 0.436508
0.423731 0.453935 0.461283 0.47892;
p17 50 3.34533 0.168141 0.0630507 38.8612 5.01496 0.644127 0.00571038
22 0.499756 0.0684743 20 0.5 0.0030125 68 0.509526 0.0193288 100 604.353
8.842 4.83606 4 349.232 897.438 40.5125 64.6721 3 8.99996 43.6765 165.974
-10.098 0 15 115.997 8.13539 50 46.7248 3 4.10881 0.291339 0.862165
0 2.35028e-06 69.2175 1.18697 1 8.58976 0 0.14574 912.931 1.12205 0.5
0 70.8962 0 61.9386 95.1509 154.245 137.198 3333.7 0.829255 0.5 0 0.817961
0 0.976378 0.715421 2.074 0 0 0 0 0 0 0 0.814288 0.850001 0.385713
0.364285 0.364285 0.399999 0.521428 0.521428 0.385713 0.436508 0.423731
0.453935 0.461283 0.47892;
p27 50 3.34533 0.168141 0.0630507 38.8612 5.01496 0.644127 0.00571038
22 0.499756 0.0684743 20 0.5 0.0030125 68 0.509526 0.0193288 100 604.353
8.842 4.83606 4 349.232 897.438 40.5125 64.6721 3 8.99996 43.6765 165.974
-10.098 0 15 115.997 8.13539 50 46.7248 3 4.10881 0.291339 0.862165
0 2.35028e-06 69.2175 1.18697 1 8.58976 0 0.14574 912.931 1.12205 0.5
0 70.8962 0 61.9386 95.1509 154.245 137.198 3333.7 0.829255 0.5 0 0.817961
0 0.976378 0.715421 2.074 0 0 0 0 0 0 0 0.814288 0.850001 0.385713
0.364285 0.364285 0.399999 0.521428 0.521428 0.385713 0.436508 0.423731
0.453935 0.461283 0.47892;
p37 50 3.34533 0.168141 0.0630507 38.8612 5.01496 0.644127 0.00571038
82 0.499756 0.574074 63 0.5 0.801022 54 0.509526 0.0193288 100 604.353
8.842 4.83606 3 349.232 897.438 40.5125 64.6721 3 7.26818 43.6765 165.974
-10.098 0 15 115.997 8.13539 50 46.7248 3 4.10881 0.291339 0.862165
0 2.35028e-06 82.6886 0.536429 1 8.58976 0.999997 0.14574 912.931 1.12205
0.5 0 70.8962 0 61.9386 95.1509 154.245 137.198 3333.7 0.829255 0.5
0 0.817961 0 0.976378 0.715421 2.074 0 0 0 0 0 0 0 0.814288 0.850001
0.385713 0.364285 0.364285 0.399999 0.521428 0.521428 0.385713 0.436508
0.423731 0.453935 0.461283 0.47892;
p47 50 3.34533 0.168141 0.0630507 38.8612 5.01496 0.644127 0.00571038
82 0.499756 0.574074 63 0.5 0.801022 54 0.509526 0.0193288 100 604.353
8.842 4.83606 3 349.232 897.438 40.5125 64.6721 3 7.26818 43.6765 165.974
-10.098 0 15 115.997 8.13539 50 46.7248 3 4.10881 0.291339 0.862165
0 2.35028e-06 82.6886 0.536429 1 8.58976 0.999997 0.14574 912.931 1.12205
0.5 0 70.8962 0 61.9386 95.1509 154.245 137.198 3333.7 0.829255 0.5
0 0.817961 0 0.976378 0.715421 2.074 0 0 0 0 0 0 0 0.814288 0.850001
0.385713 0.364285 0.364285 0.399999 0.521428 0.521428 0.385713 0.436508
0.423731 0.453935 0.461283 0.47892;
p57 50 3.34533 0.168141 0.0630507 38.8612 5.01496 0.644127 0.00571038
82 0.499756 0.574074 63 0.5 0.801022 54 0.509526 0.0193288 100 604.353
8.842 4.83606 3 349.232 897.438 40.5125 64.6721 3 7.26818 43.6765 165.974
-10.098 0 15 115.997 8.13539 50 46.7248 3 4.10881 0.291339 0.862165
0 2.35028e-06 82.6886 0.536429 1 8.58976 0.999997 0.14574 912.931 1.12205
0.5 0 70.8962 0 61.9386 95.1509 154.245 137.198 3333.7 0.829255 0.5
0 0.817961 0 0.976378 0.715421 2.074 0 0 0 0 0 0 0 0.814288 0.850001
0.385713 0.364285 0.364285 0.399999 0.521428 0.521428 0.385713 0.436508
0.423731 0.453935 0.461283 0.47892;
p56 50 3.34533 0.168141 0.0630507 38.8612 5.01496 0.644127 0.00571038
82 0.499756 0.574074 63 0.5 0.801022 54 0.509526 0.0193288 100 604.353
8.842 4.83606 3 349.232 897.438 40.5125 64.6721 3 7.26818 43.6765 165.974
-10.098 0 15 115.997 8.13539 50 46.7248 3 4.10881 0.291339 0.862165
0 2.35028e-06 82.6886 0.536429 1 8.58976 0.999997 0.14574 912.931 1.12205
0.5 0 70.8962 0 61.9386 95.1509 154.245 137.198 3333.7 0.829255 0.5
0 0.817961 0 0.976378 0.715421 2.074 0 0 0 0 0 0 0 0.814288 0.850001
0.385713 0.364285 0.364285 0.399999 0.521428 0.521428 0.385713 0.436508
0.423731 0.453935 0.461283 0.47892;
p46 50 3.34533 0.168141 0.0630507 38.8612 5.01496 0.644127 0.00571038
82 0.499756 0.574074 63 0.5 0.801022 54 0.509526 0.0193288 100 604.353
8.842 4.83606 3 349.232 897.438 40.5125 64.6721 3 7.26818 43.6765 165.974
-10.098 0 15 115.997 8.13539 50 46.7248 3 4.10881 0.291339 0.862165
0 2.35028e-06 82.6886 0.536429 1 8.58976 0.999997 0.14574 912.931 1.12205
0.5 0 70.8962 0 61.9386 95.1509 154.245 137.198 3333.7 0.829255 0.5
0 0.817961 0 0.976378 0.715421 2.074 0 0 0 0 0 0 0 0.814288 0.850001
0.385713 0.364285 0.364285 0.399999 0.521428 0.521428 0.385713 0.436508
0.423731 0.453935 0.461283 0.47892;
p36 50 3.34533 0.168141 0.0630507 38.8612 5.01496 0.644127 0.00571038
82 0.499756 0.574074 63 0.5 0.801022 54 0.509526 0.0193288 100 604.353
8.842 4.83606 3 349.232 897.438 40.5125 64.6721 3 7.26818 43.6765 165.974
-10.098 0 15 115.997 8.13539 50 46.7248 3 4.10881 0.291339 0.862165
0 2.35028e-06 82.6886 0.536429 1 8.58976 0.999997 0.14574 912.931 1.12205
0.5 0 70.8962 0 61.9386 95.1509 154.245 137.198 3333.7 0.829255 0.5
0 0.817961 0 0.976378 0.715421 2.074 0 0 0 0 0 0 0 0.814288 0.850001
0.385713 0.364285 0.364285 0.399999 0.521428 0.521428 0.385713 0.436508
0.423731 0.453935 0.461283 0.47892;
p26 50 3.34533 0.168141 0.0630507 38.8612 5.01496 0.644127 0.00571038
22 0.499756 0.0684743 20 0.5 0.0030125 68 0.509526 0.0193288 100 604.353
8.842 4.83606 4 349.232 897.438 40.5125 64.6721 3 8.99996 43.6765 165.974
-10.098 0 15 115.997 8.13539 50 46.7248 3 4.10881 0.291339 0.862165
0 2.35028e-06 69.2175 1.18697 1 8.58976 0 0.14574 912.931 1.12205 0.5
0 70.8962 0 61.9386 95.1509 154.245 137.198 3333.7 0.829255 0.5 0 0.817961
0 0.976378 0.715421 2.074 0 0 0 0 0 0 0 0.814288 0.850001 0.385713
0.364285 0.364285 0.399999 0.521428 0.521428 0.385713 0.436508 0.423731
0.453935 0.461283 0.47892;
p16 50 3.34533 0.168141 0.0630507 38.8612 5.01496 0.644127 0.00571038
22 0.499756 0.0684743 20 0.5 0.0030125 68 0.509526 0.0193288 100 604.353
8.842 4.83606 4 349.232 897.438 40.5125 64.6721 3 8.99996 43.6765 165.974
-10.098 0 15 115.997 8.13539 50 46.7248 3 4.10881 0.291339 0.862165
0 2.35028e-06 69.2175 1.18697 1 8.58976 0 0.14574 912.931 1.12205 0.5
0 70.8962 0 61.9386 95.1509 154.245 137.198 3333.7 0.829255 0.5 0 0.817961
0 0.976378 0.715421 2.074 0 0 0 0 0 0 0 0.814288 0.850001 0.385713
0.364285 0.364285 0.399999 0.521428 0.521428 0.385713 0.436508 0.423731
0.453935 0.461283 0.47892;
p15 50 3.34533 0.168141 0.0630507 38.8612 5.01496 0.644127 0.00571038
22 0.499756 0.0684743 20 0.5 0.0030125 68 0.509526 0.0193288 100 604.353
8.842 4.83606 4 349.232 897.438 40.5125 64.6721 3 8.99996 43.6765 165.974
-10.098 0 15 115.997 8.13539 50 46.7248 3 4.10881 0.291339 0.862165
0 2.35028e-06 69.2175 1.18697 1 8.58976 0 0.14574 912.931 1.12205 0.5
0 70.8962 0 61.9386 95.1509 154.245 137.198 3333.7 0.829255 0.5 0 0.817961
0 0.976378 0.715421 2.074 0 0 0 0 0 0 0 0.814288 0.850001 0.385713
0.364285 0.364285 0.399999 0.521428 0.521428 0.385713 0.436508 0.423731
0.453935 0.461283 0.47892;
p25 50 3.34533 0.168141 0.0630507 38.8612 5.01496 0.644127 0.00571038
22 0.499756 0.0684743 20 0.5 0.0030125 68 0.509526 0.0193288 100 604.353
8.842 4.83606 4 349.232 897.438 40.5125 64.6721 3 8.99996 43.6765 165.974
-10.098 0 15 115.997 8.13539 50 46.7248 3 4.10881 0.291339 0.862165
0 2.35028e-06 69.2175 1.18697 1 8.58976 0 0.14574 912.931 1.12205 0.5
0 70.8962 0 61.9386 95.1509 154.245 137.198 3333.7 0.829255 0.5 0 0.817961
0 0.976378 0.715421 2.074 0 0 0 0 0 0 0 0.814288 0.850001 0.385713
0.364285 0.364285 0.399999 0.521428 0.521428 0.385713 0.436508 0.423731
0.453935 0.461283 0.47892;
p35 50 3.34533 0.168141 0.0630507 38.8612 5.01496 0.644127 0.00571038
82 0.499756 0.574074 63 0.5 0.801022 54 0.509526 0.0193288 100 604.353
8.842 4.83606 3 349.232 897.438 40.5125 64.6721 3 7.26818 43.6765 165.974
-10.098 0 15 115.997 8.13539 50 46.7248 3 4.10881 0.291339 0.862165
0 2.35028e-06 82.6886 0.536429 1 8.58976 0.999997 0.14574 912.931 1.12205
0.5 0 70.8962 0 61.9386 95.1509 154.245 137.198 3333.7 0.829255 0.5
0 0.817961 0 0.976378 0.715421 2.074 0 0 0 0 0 0 0 0.814288 0.850001
0.385713 0.364285 0.364285 0.399999 0.521428 0.521428 0.385713 0.436508
0.423731 0.453935 0.461283 0.47892;
p45 50 3.34533 0.168141 0.0630507 38.8612 5.01496 0.644127 0.00571038
82 0.499756 0.574074 63 0.5 0.801022 54 0.509526 0.0193288 100 604.353
8.842 4.83606 3 349.232 897.438 40.5125 64.6721 3 7.26818 43.6765 165.974
-10.098 0 15 115.997 8.13539 50 46.7248 3 4.10881 0.291339 0.862165
0 2.35028e-06 82.6886 0.536429 1 8.58976 0.999997 0.14574 912.931 1.12205
0.5 0 70.8962 0 61.9386 95.1509 154.245 137.198 3333.7 0.829255 0.5
0 0.817961 0 0.976378 0.715421 2.074 0 0 0 0 0 0 0 0.814288 0.850001
0.385713 0.364285 0.364285 0.399999 0.521428 0.521428 0.385713 0.436508
0.423731 0.453935 0.461283 0.47892;
p55 50 3.34533 0.168141 0.0630507 38.8612 5.01496 0.644127 0.00571038
82 0.499756 0.574074 63 0.5 0.801022 54 0.509526 0.0193288 100 604.353
8.842 4.83606 3 349.232 897.438 40.5125 64.6721 3 7.26818 43.6765 165.974
-10.098 0 15 115.997 8.13539 50 46.7248 3 4.10881 0.291339 0.862165
0 2.35028e-06 82.6886 0.536429 1 8.58976 0.999997 0.14574 912.931 1.12205
0.5 0 70.8962 0 61.9386 95.1509 154.245 137.198 3333.7 0.829255 0.5
0 0.817961 0 0.976378 0.715421 2.074 0 0 0 0 0 0 0 0.814288 0.850001
0.385713 0.364285 0.364285 0.399999 0.521428 0.521428 0.385713 0.436508
0.423731 0.453935 0.461283 0.47892;
p54 50 3.34533 0.168141 0.0630507 38.8612 5.01496 0.644127 0.00571038
82 0.499756 0.574074 63 0.5 0.801022 54 0.509526 0.0193288 100 604.353
8.842 4.83606 3 349.232 897.438 40.5125 64.6721 3 7.26818 43.6765 165.974
-10.098 0 15 115.997 8.13539 50 46.7248 3 4.10881 0.291339 0.862165
0 2.35028e-06 82.6886 0.536429 1 8.58976 0.999997 0.14574 912.931 1.12205
0.5 0 70.8962 0 61.9386 95.1509 154.245 137.198 3333.7 0.829255 0.5
0 0.817961 0 0.976378 0.715421 2.074 0 0 0 0 0 0 0 0.814288 0.850001
0.385713 0.364285 0.364285 0.399999 0.521428 0.521428 0.385713 0.436508
0.423731 0.453935 0.461283 0.47892;
p44 50 3.34533 0.168141 0.0630507 38.8612 5.01496 0.644127 0.00571038
82 0.499756 0.574074 63 0.5 0.801022 54 0.509526 0.0193288 100 604.353
8.842 4.83606 3 349.232 897.438 40.5125 64.6721 3 7.26818 43.6765 165.974
-10.098 0 15 115.997 8.13539 50 46.7248 3 4.10881 0.291339 0.862165
0 2.35028e-06 82.6886 0.536429 1 8.58976 0.999997 0.14574 912.931 1.12205
0.5 0 70.8962 0 61.9386 95.1509 154.245 137.198 3333.7 0.829255 0.5
0 0.817961 0 0.976378 0.715421 2.074 0 0 0 0 0 0 0 0.814288 0.850001
0.385713 0.364285 0.364285 0.399999 0.521428 0.521428 0.385713 0.436508
0.423731 0.453935 0.461283 0.47892;
p24 50 3.34533 0.168141 0.0630507 38.8612 5.01496 0.644127 0.00571038
22 0.499756 0.0684743 20 0.5 0.0030125 68 0.509526 0.0193288 100 604.353
8.842 4.83606 4 349.232 897.438 40.5125 64.6721 3 8.99996 43.6765 165.974
-10.098 0 15 115.997 8.13539 50 46.7248 3 4.10881 0.291339 0.862165
0 2.35028e-06 69.2175 1.18697 1 8.58976 0 0.14574 912.931 1.12205 0.5
0 70.8962 0 61.9386 95.1509 154.245 137.198 3333.7 0.829255 0.5 0 0.817961
0 0.976378 0.715421 2.074 0 0 0 0 0 0 0 0.814288 0.850001 0.385713
0.364285 0.364285 0.399999 0.521428 0.521428 0.385713 0.436508 0.423731
0.453935 0.461283 0.47892;
p14 50 3.34533 0.168141 0.0630507 38.8612 5.01496 0.644127 0.00571038
22 0.499756 0.0684743 20 0.5 0.0030125 68 0.509526 0.0193288 100 604.353
8.842 4.83606 4 349.232 897.438 40.5125 64.6721 3 8.99996 43.6765 165.974
-10.098 0 15 115.997 8.13539 50 46.7248 3 4.10881 0.291339 0.862165
0 2.35028e-06 69.2175 1.18697 1 8.58976 0 0.14574 912.931 1.12205 0.5
0 70.8962 0 61.9386 95.1509 154.245 137.198 3333.7 0.829255 0.5 0 0.817961
0 0.976378 0.715421 2.074 0 0 0 0 0 0 0 0.814288 0.850001 0.385713
0.364285 0.364285 0.399999 0.521428 0.521428 0.385713 0.436508 0.423731
0.453935 0.461283 0.47892;
p13 50 3.34533 0.168141 0.0630507 38.8612 5.01496 0.644127 0.00571038
22 0.499756 0.0684743 20 0.5 0.0030125 68 0.509526 0.0193288 100 604.353
8.842 4.83606 4 349.232 897.438 40.5125 64.6721 3 8.99996 43.6765 165.974
-10.098 0 15 115.997 8.13539 50 46.7248 3 4.10881 0.291339 0.862165
0 2.35028e-06 69.2175 1.18697 1 8.58976 0 0.14574 912.931 1.12205 0.5
0 70.8962 0 61.9386 95.1509 154.245 137.198 3333.7 0.829255 0.5 0 0.817961
0 0.976378 0.715421 2.074 0 0 0 0 0 0 0 0.814288 0.850001 0.385713
0.364285 0.364285 0.399999 0.521428 0.521428 0.385713 0.436508 0.423731
0.453935 0.461283 0.47892;
p23 50 3.34533 0.168141 0.0630507 38.8612 5.01496 0.644127 0.00571038
22 0.499756 0.0684743 20 0.5 0.0030125 68 0.509526 0.0193288 100 604.353
8.842 4.83606 4 349.232 897.438 40.5125 64.6721 3 8.99996 43.6765 165.974
-10.098 0 15 115.997 8.13539 50 46.7248 3 4.10881 0.291339 0.862165
0 2.35028e-06 69.2175 1.18697 1 8.58976 0 0.14574 912.931 1.12205 0.5
0 70.8962 0 61.9386 95.1509 154.245 137.198 3333.7 0.829255 0.5 0 0.817961
0 0.976378 0.715421 2.074 0 0 0 0 0 0 0 0.814288 0.850001 0.385713
0.364285 0.364285 0.399999 0.521428 0.521428 0.385713 0.436508 0.423731
0.453935 0.461283 0.47892;
p33 50 3.34533 0.168141 0.0630507 38.8612 5.01496 0.644127 0.00571038
82 0.499756 0.574074 63 0.5 0.801022 54 0.509526 0.0193288 100 604.353
8.842 4.83606 3 349.232 897.438 40.5125 64.6721 3 7.26818 43.6765 165.974
-10.098 0 15 115.997 8.13539 50 46.7248 3 4.10881 0.291339 0.862165
0 2.35028e-06 47.8883 0.536429 1 8.58976 0.999997 0.14574 912.931 1.12205
0.5 0 70.8962 0 61.9386 95.1509 154.245 137.198 3333.7 0.829255 0.5
0 0.817961 0 0.976378 0.715421 2.074 0 0 0 0 0 0 0 0.814288 0.850001
0.385713 0.364285 0.364285 0.399999 0.521428 0.521428 0.385713 0.436508
0.423731 0.453935 0.461283 0.47892;
p43 50 3.34533 0.168141 0.0630507 38.8612 5.01496 0.644127 0.00571038
82 0.499756 0.574074 63 0.5 0.801022 54 0.509526 0.0193288 100 604.353
8.842 4.83606 3 349.232 897.438 40.5125 64.6721 3 7.26818 43.6765 165.974
-10.098 0 15 115.997 8.13539 50 46.7248 3 4.10881 0.291339 0.862165
0 2.35028e-06 47.8883 0.536429 1 8.58976 0.999997 0.14574 912.931 1.12205
0.5 0 70.8962 0 61.9386 95.1509 154.245 137.198 3333.7 0.829255 0.5
0 0.817961 0 0.976378 0.715421 2.074 0 0 0 0 0 0 0 0.814288 0.850001
0.385713 0.364285 0.364285 0.399999 0.521428 0.521428 0.385713 0.436508
0.423731 0.453935 0.461283 0.47892;
p53 50 3.34533 0.168141 0.0630507 38.8612 5.01496 0.644127 0.00571038
82 0.499756 0.574074 63 0.5 0.801022 54 0.509526 0.0193288 100 604.353
8.842 4.83606 3 349.232 897.438 40.5125 64.6721 3 7.26818 43.6765 165.974
-10.098 0 15 115.997 8.13539 50 46.7248 3 4.10881 0.291339 0.862165
0 2.35028e-06 47.8883 0.536429 1 8.58976 0.999997 0.14574 912.931 1.12205
0.5 0 70.8962 0 61.9386 95.1509 154.245 137.198 3333.7 0.829255 0.5
0 0.817961 0 0.976378 0.715421 2.074 0 0 0 0 0 0 0 0.814288 0.850001
0.385713 0.364285 0.364285 0.399999 0.521428 0.521428 0.385713 0.436508
0.423731 0.453935 0.461283 0.47892;
p52 50 3.34533 0.168141 0.0630507 38.8612 5.01496 0.644127 0.00571038
82 0.499756 0.574074 63 0.5 0.801022 54 0.509526 0.0193288 100 604.353
8.842 4.83606 3 349.232 897.438 40.5125 64.6721 3 7.26817 43.6765 165.974
-10.098 0 15 115.997 8.13539 50 46.7248 3 4.10881 0.291339 0.862165
0 2.35028e-06 69.2175 1.18697 1 8.58976 0 0.14574 912.931 1.12205 0.5
0 70.8962 0 61.9386 95.1509 154.245 137.198 3333.7 0.829255 0.5 0 0.817961
0 0.976378 0.715421 2.074 0 0 0 0 0 0 0 0.814288 0.850001 0.385713
0.364285 0.364285 0.399999 0.521428 0.521428 0.385713 0.436508 0.423731
0.453935 0.461283 0.47892;
p51 50 3.34533 0.168141 0.0630507 38.8612 5.01496 0.644127 0.00571038
82 0.499756 0.574074 63 0.5 0.801022 54 0.509526 0.0193288 100 604.353
8.842 4.83606 3 349.232 897.438 40.5125 64.6721 3 7.26817 43.6765 165.974
-10.098 0 15 115.997 8.13539 50 46.7248 3 4.10881 0.291339 0.862165
0 2.35028e-06 69.2175 1.18697 1 8.58976 0 0.14574 912.931 1.12205 0.5
0 70.8962 0 61.9386 95.1509 154.245 137.198 3333.7 0.829255 0.5 0 0.817961
0 0.976378 0.715421 2.074 0 0 0 0 0 0 0 0.814288 0.850001 0.385713
0.364285 0.364285 0.399999 0.521428 0.521428 0.385713 0.436508 0.423731
0.453935 0.461283 0.47892;
p42 50 3.34533 0.168141 0.0630507 38.8612 5.01496 0.644127 0.00571038
82 0.499756 0.574074 63 0.5 0.801022 54 0.509526 0.0193288 100 604.353
8.842 4.83606 3 349.232 897.438 40.5125 64.6721 3 7.26817 43.6765 165.974
-10.098 0 15 115.997 8.13539 50 46.7248 3 4.10881 0.291339 0.862165
0 2.35028e-06 69.2175 1.18697 1 8.58976 0 0.14574 912.931 1.12205 0.5
0 70.8962 0 61.9386 95.1509 154.245 137.198 3333.7 0.829255 0.5 0 0.817961
0 0.976378 0.715421 2.074 0 0 0 0 0 0 0 0.814288 0.850001 0.385713
0.364285 0.364285 0.399999 0.521428 0.521428 0.385713 0.436508 0.423731
0.453935 0.461283 0.47892;
p41 50 3.34533 0.168141 0.0630507 38.8612 5.01496 0.644127 0.00571038
82 0.499756 0.574074 63 0.5 0.801022 54 0.509526 0.0193288 100 604.353
8.842 4.83606 3 349.232 897.438 40.5125 64.6721 3 7.26817 43.6765 165.974
-10.098 0 15 115.997 8.13539 50 46.7248 3 4.10881 0.291339 0.862165
0 2.35028e-06 69.2175 1.18697 1 8.58976 0 0.14574 912.931 1.12205 0.5
0 70.8962 0 61.9386 95.1509 154.245 137.198 3333.7 0.829255 0.5 0 0.817961
0 0.976378 0.715421 2.074 0 0 0 0 0 0 0 0.814288 0.850001 0.385713
0.364285 0.364285 0.399999 0.521428 0.521428 0.385713 0.436508 0.423731
0.453935 0.461283 0.47892;
p32 50 3.34533 0.168141 0.0630507 38.8612 5.01496 0.644127 0.00571038
82 0.499756 0.574074 63 0.5 0.801022 54 0.509526 0.0193288 100 604.353
8.842 4.83606 3 349.232 897.438 40.5125 64.6721 3 7.26817 43.6765 165.974
-10.098 0 15 115.997 8.13539 50 46.7248 3 4.10881 0.291339 0.862165
0 2.35028e-06 69.2175 1.18697 1 8.58976 0 0.14574 912.931 1.12205 0.5
0 70.8962 0 61.9386 95.1509 154.245 137.198 3333.7 0.829255 0.5 0 0.817961
0 0.976378 0.715421 2.074 0 0 0 0 0 0 0 0.814288 0.850001 0.385713
0.364285 0.364285 0.399999 0.521428 0.521428 0.385713 0.436508 0.423731
0.453935 0.461283 0.47892;
p31 50 3.34533 0.168141 0.0630507 38.8612 5.01496 0.644127 0.00571038
82 0.499756 0.574074 63 0.5 0.801022 54 0.509526 0.0193288 100 604.353
8.842 4.83606 3 349.232 897.438 40.5125 64.6721 3 7.26817 43.6765 165.974
-10.098 0 15 115.997 8.13539 50 46.7248 3 4.10881 0.291339 0.862165
0 2.35028e-06 69.2175 1.18697 1 8.58976 0 0.14574 912.931 1.12205 0.5
0 70.8962 0 61.9386 95.1509 154.245 137.198 3333.7 0.829255 0.5 0 0.817961
0 0.976378 0.715421 2.074 0 0 0 0 0 0 0 0.814288 0.850001 0.385713
0.364285 0.364285 0.399999 0.521428 0.521428 0.385713 0.436508 0.423731
0.453935 0.461283 0.47892;
p22 50 3.34533 0.168141 0.0630507 38.8612 5.01496 0.644127 0.00571038
22 0.499756 0.0684743 20 0.5 0.0030125 68 0.509526 0.0193288 100 604.353
8.842 4.83606 4 349.232 897.438 40.5125 64.6721 3 8.99996 43.6765 165.974
-10.098 0 15 115.997 8.13539 50 46.7248 3 4.10881 0.291339 0.862165
0 2.35028e-06 69.2175 1.18697 1 8.58976 0 0.14574 912.931 1.12205 0.5
0 70.8962 0 61.9386 95.1509 154.245 137.198 3333.7 0.829255 0.5 0 0.817961
0 0.976378 0.715421 2.074 0 0 0 0 0 0 0 0.814288 0.850001 0.385713
0.364285 0.364285 0.399999 0.521428 0.521428 0.385713 0.436508 0.423731
0.453935 0.461283 0.47892;
p21 50 3.34533 0.168141 0.0630507 38.8612 5.01496 0.644127 0.00571038
22 0.499756 0.0684743 20 0.5 0.0030125 68 0.509526 0.0193288 100 604.353
8.842 4.83606 4 349.232 897.438 40.5125 64.6721 3 8.99996 43.6765 165.974
-10.098 0 15 115.997 8.13539 50 46.7248 3 4.10881 0.291339 0.862165
0 2.35028e-06 69.2175 1.18697 1 8.58976 0 0.14574 912.931 1.12205 0.5
0 70.8962 0 61.9386 95.1509 154.245 137.198 3333.7 0.829255 0.5 0 0.817961
0 0.976378 0.715421 2.074 0 0 0 0 0 0 0 0.814288 0.850001 0.385713
0.364285 0.364285 0.399999 0.521428 0.521428 0.385713 0.436508 0.423731
0.453935 0.461283 0.47892;
p12 50 3.34533 0.168141 0.0630507 38.8612 5.01496 0.644127 0.00571038
22 0.499756 0.0684743 20 0.5 0.0030125 68 0.509526 0.0193288 100 604.353
8.842 4.83606 4 349.232 897.438 40.5125 64.6721 3 8.99996 43.6765 165.974
-10.098 0 15 115.997 8.13539 50 46.7248 3 4.10881 0.291339 0.862165
0 2.35028e-06 69.2175 1.18697 1 8.58976 0 0.14574 912.931 1.12205 0.5
0 70.8962 0 61.9386 95.1509 154.245 137.198 3333.7 0.829255 0.5 0 0.817961
0 0.976378 0.715421 2.074 0 0 0 0 0 0 0 0.814288 0.850001 0.385713
0.364285 0.364285 0.399999 0.521428 0.521428 0.385713 0.436508 0.423731
0.453935 0.461283 0.47892;
p11 50 3.34533 0.168141 0.0630507 38.8612 5.01496 0.644127 0.00571038
22 0.499756 0.0684743 20 0.5 0.0030125 68 0.509526 0.0193288 100 604.353
8.842 4.83606 4 349.232 897.438 40.5125 64.6721 3 8.99996 43.6765 165.974
-10.098 0 15 115.997 8.13539 50 46.7248 3 4.10881 0.291339 0.862165
0 2.35028e-06 69.2175 1.18697 1 8.58976 0 0.14574 912.931 1.12205 0.5
0 70.8962 0 61.9386 95.1509 154.245 137.198 3333.7 0.829255 0.5 0 0.817961
0 0.976378 0.715421 2.074 0 0 0 0 0 0 0 0.814288 0.850001 0.385713
0.364285 0.364285 0.399999 0.521428 0.521428 0.385713 0.436508 0.423731
0.453935 0.461283 0.47892;
LFO-ctrl-2 0;
LFO-waveform-2 0;
LFO-am-fm-phase-2 0;
LFO-ctrl-3 0;
LFO-waveform-3 0;
LFO-am-fm-phase-3 0;
granulate-sample-2 bells_1.wav;
granulate-start-2 0;
granulate-ctrl-2 1;
gens-ctl-2 1;
gens-waveform-2 2;
gens-ctl-3 1;
gens-waveform-3 3;
aniosc-ctl-2 1;
aniosc-wave-2 5;
granulate-sample-1 bells_1.wav;
granulate-start-1 0;
granulate-ctrl-1 1;
gens-ctl-1 1;
gens-waveform-1 2;
LFO-ctrl-1 0;
LFO-waveform-1 3;
LFO-am-fm-phase-1 0;
FM-invertt-5 0;
lfo-FM-amt-5 33;
lfo-FM-5 0;
lfo-AM-5 0;
lfo-route-dest-5 0;
lfo-FM-amt-4 128;
FM-invertt-4 0;
lfo-FM-4 0;
lfo-AM-4 0;
lfo-route-dest-4 0;
adsr-amp-ctrl 1;
main-adsr-mode 1;
adsr-2-ctrl 1;
adsr-1-ctrl 1;
lfo-FM-3 0;
lfo-AM-3 0;
lfo-route-dest-3 0;
lfo-FM-2 0;
lfo-AM-2 0;
lfo-route-dest-2 0;
aniosc-ctl-1 1;
aniosc-wave-1 12;
delay-ctrl 1;
reso-lvl-ctrl 1;
reso-pitch-ctrl 1;
crush-ctrl 1;
extreme-drive 0;
drive-ctrl 1;
filter-ctrl 1;
lfo-FM-1 0;
lfo-AM-1 9;
lfo-route-dest-1 2;
main-mix-ctrl 1;
