p34 0 0 0 0 0 0 0 0 0 0 0 0 0 0 79 0.346939 0 70 217 0 0 10 99 88.57
50 0 1 0 100 69 0 9 7 186.58 68 50 0 1.75806 2.6087 0 0 0 0 0 0.535433
0 0 0.144928 13 7 0.650787 647.402 0.897638 0.5 0 58 54 50 60 56 52
3359.49 0.974684 0.5 0 1 0 0 0 0 0 0 0 0 0 0 0 0 0 0 0 0 0 0 0.446996
0.388949 0.412155 0.431689 0.47857;
p17 0 0 0 0 0 0 0 0 0 0 0 0 0 0 79 0.346939 0 70 217 0 0 10 99 88.57
50 0 1 0 100 69 0 9 7 189.13 22 50 0 1.75806 2.6087 0 0 0 0 0 0.535433
0 0 0.144928 13 7 0.650787 647.402 0.897638 0.5 0 58 54 50 60 56 52
3359.49 0.974684 0.5 0 1 0 0 0 0 0 0 0 0 0 0 0 0 0 0 0 0 0 0 0.446996
0.388949 0.412155 0.431689 0.47857;
p27 0 0 0 0 0 0 0 0 0 0 0 0 0 0 79 0.346939 0 70 217 0 0 10 99 88.57
50 0 1 0 100 69 0 9 7 189.13 22 50 0 1.75806 2.6087 0 0 0 0 0 0.535433
0 0 0.144928 13 7 0.650787 647.402 0.897638 0.5 0 58 54 50 60 56 52
3359.49 0.974684 0.5 0 1 0 0 0 0 0 0 0 0 0 0 0 0 0 0 0 0 0 0 0.446996
0.388949 0.412155 0.431689 0.47857;
p37 0 0 0 0 0 0 0 0 0 0 0 0 0 0 79 0.346939 0 70 217 0 0 10 99 88.57
50 0 1 0 100 69 0 9 7 189.13 22 50 0 1.75806 2.6087 0 0 0 0 0 0.535433
0 0 0.144928 13 7 0.650787 647.402 0.897638 0.5 0 58 54 50 60 56 52
3359.49 0.974684 0.5 0 1 0 0 0 0 0 0 0 0 0 0 0 0 0 0 0 0 0 0 0.446996
0.388949 0.412155 0.431689 0.47857;
p47 0 0 0 0 0 0 0 0 0 0 0 0 0 0 79 0.346939 0 70 217 0 0 10 99 88.57
50 0 1 0 100 69 0 9 7 189.13 22 50 0 1.75806 2.6087 0 0 0 0 0 0.535433
0 0 0.144928 13 7 0.650787 647.402 0.897638 0.5 0 58 54 50 60 56 52
3359.49 0.974684 0.5 0 1 0 0 0 0 0 0 0 0 0 0 0 0 0 0 0 0 0 0 0.446996
0.388949 0.412155 0.431689 0.47857;
p57 0 0 0 0 0 0 0 0 0 0 0 0 0 0 79 0.346939 0 70 217 0 0 10 99 88.57
50 0 1 0 100 69 0 9 7 189.13 22 50 0 1.75806 2.6087 0 0 0 0 0 0.535433
0 0 0.144928 13 7 0.650787 647.402 0.897638 0.5 0 58 54 50 60 56 52
3359.49 0.974684 0.5 0 1 0 0 0 0 0 0 0 0 0 0 0 0 0 0 0 0 0 0 0.446996
0.388949 0.412155 0.431689 0.47857;
p56 0 0 0 0 0 0 0 0 0 0 0 0 0 0 79 0.346939 0 70 217 0 0 10 99 88.57
50 0 1 0 100 69 0 9 7 188.46 22 50 0 1.75806 2.6087 0 0 0 0 0 0.535433
0 0 0.144928 13 7 0.650787 647.402 0.897638 0.5 0 58 54 50 60 56 52
3359.49 0.974684 0.5 0 1 0 0 0 0 0 0 0 0 0 0 0 0 0 0 0 0 0 0 0.446996
0.388949 0.412155 0.431689 0.47857;
p46 0 0 0 0 0 0 0 0 0 0 0 0 0 0 79 0.346939 0 70 217 0 0 10 99 88.57
50 0 1 0 100 69 0 9 7 188.46 22 50 0 1.75806 2.6087 0 0 0 0 0 0.535433
0 0 0.144928 13 7 0.650787 647.402 0.897638 0.5 0 58 54 50 60 56 52
3359.49 0.974684 0.5 0 1 0 0 0 0 0 0 0 0 0 0 0 0 0 0 0 0 0 0 0.446996
0.388949 0.412155 0.431689 0.47857;
p36 0 0 0 0 0 0 0 0 0 0 0 0 0 0 79 0.346939 0 70 217 0 0 10 99 88.57
50 0 1 0 100 69 0 9 7 188.46 22 50 0 1.75806 2.6087 0 0 0 0 0 0.535433
0 0 0.144928 13 7 0.650787 647.402 0.897638 0.5 0 58 54 50 60 56 52
3359.49 0.974684 0.5 0 1 0 0 0 0 0 0 0 0 0 0 0 0 0 0 0 0 0 0 0.446996
0.388949 0.412155 0.431689 0.47857;
p26 0 0 0 0 0 0 0 0 0 0 0 0 0 0 79 0.346939 0 70 217 0 0 10 99 88.57
50 0 1 0 100 69 0 9 7 188.46 22 50 0 1.75806 2.6087 0 0 0 0 0 0.535433
0 0 0.144928 13 7 0.650787 647.402 0.897638 0.5 0 58 54 50 60 56 52
3359.49 0.974684 0.5 0 1 0 0 0 0 0 0 0 0 0 0 0 0 0 0 0 0 0 0 0.446996
0.388949 0.412155 0.431689 0.47857;
p16 0 0 0 0 0 0 0 0 0 0 0 0 0 0 79 0.346939 0 70 217 0 0 10 99 88.57
50 0 1 0 100 69 0 9 7 188.46 22 50 0 1.75806 2.6087 0 0 0 0 0 0.535433
0 0 0.144928 13 7 0.650787 647.402 0.897638 0.5 0 58 54 50 60 56 52
3359.49 0.974684 0.5 0 1 0 0 0 0 0 0 0 0 0 0 0 0 0 0 0 0 0 0 0.446996
0.388949 0.412155 0.431689 0.47857;
p15 0 0 0 0 0 0 0 0 0 0 0 0 0 0 79 0.346939 0 70 217 0 0 10 99 88.57
50 0 1 0 100 69 0 9 7 187.76 68 50 0 1.75806 2.6087 0 0 0 0 0 0.535433
0 0 0.144928 13 7 0.650787 647.402 0.897638 0.5 0 58 54 50 60 56 52
3359.49 0.974684 0.5 0 1 0 0 0 0 0 0 0 0 0 0 0 0 0 0 0 0 0 0 0.446996
0.388949 0.412155 0.431689 0.47857;
p25 0 0 0 0 0 0 0 0 0 0 0 0 0 0 79 0.346939 0 70 217 0 0 10 99 88.57
50 0 1 0 100 69 0 9 7 187.76 68 50 0 1.75806 2.6087 0 0 0 0 0 0.535433
0 0 0.144928 13 7 0.650787 647.402 0.897638 0.5 0 58 54 50 60 56 52
3359.49 0.974684 0.5 0 1 0 0 0 0 0 0 0 0 0 0 0 0 0 0 0 0 0 0 0.446996
0.388949 0.412155 0.431689 0.47857;
p35 0 0 0 0 0 0 0 0 0 0 0 0 0 0 79 0.346939 0 70 217 0 0 10 99 88.57
50 0 1 0 100 69 0 9 7 187.76 68 50 0 1.75806 2.6087 0 0 0 0 0 0.535433
0 0 0.144928 13 7 0.650787 647.402 0.897638 0.5 0 58 54 50 60 56 52
3359.49 0.974684 0.5 0 1 0 0 0 0 0 0 0 0 0 0 0 0 0 0 0 0 0 0 0.446996
0.388949 0.412155 0.431689 0.47857;
p45 0 0 0 0 0 0 0 0 0 0 0 0 0 0 79 0.346939 0 70 217 0 0 10 99 88.57
50 0 1 0 100 69 0 9 7 187.76 68 50 0 1.75806 2.6087 0 0 0 0 0 0.535433
0 0 0.144928 13 7 0.650787 647.402 0.897638 0.5 0 58 54 50 60 56 52
3359.49 0.974684 0.5 0 1 0 0 0 0 0 0 0 0 0 0 0 0 0 0 0 0 0 0 0.446996
0.388949 0.412155 0.431689 0.47857;
p55 0 0 0 0 0 0 0 0 0 0 0 0 0 0 79 0.346939 0 70 217 0 0 10 99 88.57
50 0 1 0 100 69 0 9 7 187.76 68 50 0 1.75806 2.6087 0 0 0 0 0 0.535433
0 0 0.144928 13 7 0.650787 647.402 0.897638 0.5 0 58 54 50 60 56 52
3359.49 0.974684 0.5 0 1 0 0 0 0 0 0 0 0 0 0 0 0 0 0 0 0 0 0 0.446996
0.388949 0.412155 0.431689 0.47857;
p54 0 0 0 0 0 0 0 0 0 0 0 0 0 0 79 0.346939 0 70 217 0 0 10 99 88.57
50 0 1 0 100 69 0 9 7 186.58 68 50 0 1.75806 2.6087 0 0 0 0 0 0.535433
0 0 0.144928 13 7 0.650787 647.402 0.897638 0.5 0 58 54 50 60 56 52
3359.49 0.974684 0.5 0 1 0 0 0 0 0 0 0 0 0 0 0 0 0 0 0 0 0 0 0.446996
0.388949 0.412155 0.431689 0.47857;
p44 0 0 0 0 0 0 0 0 0 0 0 0 0 0 79 0.346939 0 70 217 0 0 10 99 88.57
50 0 1 0 100 69 0 9 7 186.58 68 50 0 1.75806 2.6087 0 0 0 0 0 0.535433
0 0 0.144928 13 7 0.650787 647.402 0.897638 0.5 0 58 54 50 60 56 52
3359.49 0.974684 0.5 0 1 0 0 0 0 0 0 0 0 0 0 0 0 0 0 0 0 0 0 0.446996
0.388949 0.412155 0.431689 0.47857;
p24 0 0 0 0 0 0 0 0 0 0 0 0 0 0 79 0.346939 0 70 217 0 0 10 99 88.57
50 0 1 0 100 69 0 9 7 186.58 68 50 0 1.75806 2.6087 0 0 0 0 0 0.535433
0 0 0.144928 13 7 0.650787 647.402 0.897638 0.5 0 58 54 50 60 56 52
3359.49 0.974684 0.5 0 1 0 0 0 0 0 0 0 0 0 0 0 0 0 0 0 0 0 0 0.446996
0.388949 0.412155 0.431689 0.47857;
p14 0 0 0 0 0 0 0 0 0 0 0 0 0 0 79 0.346939 0 70 217 0 0 10 99 88.57
50 0 1 0 100 69 0 9 7 186.58 68 50 0 1.75806 2.6087 0 0 0 0 0 0.535433
0 0 0.144928 13 7 0.650787 647.402 0.897638 0.5 0 58 54 50 60 56 52
3359.49 0.974684 0.5 0 1 0 0 0 0 0 0 0 0 0 0 0 0 0 0 0 0 0 0 0.446996
0.388949 0.412155 0.431689 0.47857;
p13 0 0 0 0 0 0 0 0 0 0 0 0 0 0 79 0.346939 0 70 217 0 0 10 99 88.57
50 0 1 0 100 69 0 9 7 185.87 68 50 0 1.75806 2.6087 0 0 0 0 0 0.535433
0 0 0.144928 13 7 0.650787 647.402 0.897638 0.5 0 58 54 50 60 56 52
3359.49 0.974684 0.5 0 1 0 0 0 0 0 0 0 0 0 0 0 0 0 0 0 0 0 0 0.446996
0.388949 0.412155 0.431689 0.47857;
p23 0 0 0 0 0 0 0 0 0 0 0 0 0 0 79 0.346939 0 70 217 0 0 10 99 88.57
50 0 1 0 100 69 0 9 7 185.87 68 50 0 1.75806 2.6087 0 0 0 0 0 0.535433
0 0 0.144928 13 7 0.650787 647.402 0.897638 0.5 0 58 54 50 60 56 52
3359.49 0.974684 0.5 0 1 0 0 0 0 0 0 0 0 0 0 0 0 0 0 0 0 0 0 0.446996
0.388949 0.412155 0.431689 0.47857;
p33 0 0 0 0 0 0 0 0 0 0 0 0 0 0 79 0.346939 0 70 217 0 0 10 99 88.57
50 0 1 0 100 69 0 9 7 185.87 68 50 0 1.75806 2.6087 0 0 0 0 0 0.535433
0 0 0.144928 13 7 0.650787 647.402 0.897638 0.5 0 58 54 50 60 56 52
3359.49 0.974684 0.5 0 1 0 0 0 0 0 0 0 0 0 0 0 0 0 0 0 0 0 0 0.446996
0.388949 0.412155 0.431689 0.47857;
p43 0 0 0 0 0 0 0 0 0 0 0 0 0 0 79 0.346939 0 70 217 0 0 10 99 88.57
50 0 1 0 100 69 0 9 7 185.87 68 50 0 1.75806 2.6087 0 0 0 0 0 0.535433
0 0 0.144928 13 7 0.650787 647.402 0.897638 0.5 0 58 54 50 60 56 52
3359.49 0.974684 0.5 0 1 0 0 0 0 0 0 0 0 0 0 0 0 0 0 0 0 0 0 0.446996
0.388949 0.412155 0.431689 0.47857;
p53 0 0 0 0 0 0 0 0 0 0 0 0 0 0 79 0.346939 0 70 217 0 0 10 99 88.57
50 0 1 0 100 69 0 9 7 185.87 68 50 0 1.75806 2.6087 0 0 0 0 0 0.535433
0 0 0.144928 13 7 0.650787 647.402 0.897638 0.5 0 58 54 50 60 56 52
3359.49 0.974684 0.5 0 1 0 0 0 0 0 0 0 0 0 0 0 0 0 0 0 0 0 0 0.446996
0.388949 0.412155 0.431689 0.47857;
p52 0 0 0 0 0 0 0 0 0 0 0 0 0 0 79 0.346939 0 70 217 0 0 10 99 88.57
50 0 1 0 100 69 0 9 7 176.87 68 50 0 1.75806 2.6087 0 0 0 0 0 0.535433
0 0 0.144928 13 7 0.650787 647.402 0.897638 0.5 0 58 54 50 60 56 52
3359.49 0.974684 0.5 0 1 0 0 0 0 0 0 0 0 0 0 0 0 0 0 0 0 0 0 0.446996
0.388949 0.412155 0.431689 0.47857;
p51 0 0 0 0 0 0 0 0 0 0 0 0 0 0 79 0.346939 0 70 217 0 0 10 99 88.57
50 0 1 0 100 69 0 9 7 171.87 68 50 0 1.75806 2.6087 0 0 0 0 0 0.535433
0 0 0.144928 13 7 0.650787 647.402 0.897638 0.5 0 58 54 50 60 56 52
3359.49 0.974684 0.5 0 1 0 0 0 0 0 0 0 0 0 0 0 0 0 0 0 0 0 0 0.446996
0.388949 0.412155 0.431689 0.47857;
p42 0 0 0 0 0 0 0 0 0 0 0 0 0 0 79 0.346939 0 70 217 0 0 10 99 88.57
50 0 1 0 100 69 0 9 7 176.87 68 50 0 1.75806 2.6087 0 0 0 0 0 0.535433
0 0 0.144928 13 7 0.650787 647.402 0.897638 0.5 0 58 54 50 60 56 52
3359.49 0.974684 0.5 0 1 0 0 0 0 0 0 0 0 0 0 0 0 0 0 0 0 0 0 0.446996
0.388949 0.412155 0.431689 0.47857;
p41 0 0 0 0 0 0 0 0 0 0 0 0 0 0 79 0.346939 0 70 217 0 0 10 99 88.57
50 0 1 0 100 69 0 9 7 171.87 68 50 0 1.75806 2.6087 0 0 0 0 0 0.535433
0 0 0.144928 13 7 0.650787 647.402 0.897638 0.5 0 58 54 50 60 56 52
3359.49 0.974684 0.5 0 1 0 0 0 0 0 0 0 0 0 0 0 0 0 0 0 0 0 0 0.446996
0.388949 0.412155 0.431689 0.47857;
p32 0 0 0 0 0 0 0 0 0 0 0 0 0 0 79 0.346939 0 70 217 0 0 10 99 88.57
50 0 1 0 100 69 0 9 7 176.87 68 50 0 1.75806 2.6087 0 0 0 0 0 0.535433
0 0 0.144928 13 7 0.650787 647.402 0.897638 0.5 0 58 54 50 60 56 52
3359.49 0.974684 0.5 0 1 0 0 0 0 0 0 0 0 0 0 0 0 0 0 0 0 0 0 0.446996
0.388949 0.412155 0.431689 0.47857;
p31 0 0 0 0 0 0 0 0 0 0 0 0 0 0 79 0.346939 0 70 217 0 0 10 99 88.57
50 0 1 0 100 69 0 9 7 171.87 68 50 0 1.75806 2.6087 0 0 0 0 0 0.535433
0 0 0.144928 13 7 0.650787 647.402 0.897638 0.5 0 58 54 50 60 56 52
3359.49 0.974684 0.5 0 1 0 0 0 0 0 0 0 0 0 0 0 0 0 0 0 0 0 0 0.446996
0.388949 0.412155 0.431689 0.47857;
p22 0 0 0 0 0 0 0 0 0 0 0 0 0 0 79 0.346939 0 70 217 0 0 10 99 88.57
50 0 1 0 100 69 0 9 7 176.87 68 50 0 1.75806 2.6087 0 0 0 0 0 0.535433
0 0 0.144928 13 7 0.650787 647.402 0.897638 0.5 0 58 54 50 60 56 52
3359.49 0.974684 0.5 0 1 0 0 0 0 0 0 0 0 0 0 0 0 0 0 0 0 0 0 0.446996
0.388949 0.412155 0.431689 0.47857;
p21 0 0 0 0 0 0 0 0 0 0 0 0 0 0 79 0.346939 0 70 217 0 0 10 99 88.57
50 0 1 0 100 69 0 9 7 171.87 68 50 0 1.75806 2.6087 0 0 0 0 0 0.535433
0 0 0.144928 13 7 0.650787 647.402 0.897638 0.5 0 58 54 50 60 56 52
3359.49 0.974684 0.5 0 1 0 0 0 0 0 0 0 0 0 0 0 0 0 0 0 0 0 0 0.446996
0.388949 0.412155 0.431689 0.47857;
p12 0 0 0 0 0 0 0 0 0 0 0 0 0 0 79 0.346939 0 70 217 0 0 10 99 88.57
50 0 1 0 100 69 0 9 7 176.87 68 50 0 1.75806 2.6087 0 0 0 0 0 0.535433
0 0 0.144928 13 7 0.650787 647.402 0.897638 0.5 0 58 54 50 60 56 52
3359.49 0.974684 0.5 0 1 0 0 0 0 0 0 0 0 0 0 0 0 0 0 0 0 0 0 0.446996
0.388949 0.412155 0.431689 0.47857;
p11 0 0 0 0 0 0 0 0 0 0 0 0 0 0 79 0.346939 0 70 217 0 0 10 99 88.57
50 0 1 0 100 69 0 9 7 171.87 68 50 0 1.75806 2.6087 0 0 0 0 0 0.535433
0 0 0.144928 13 7 0.650787 647.402 0.897638 0.5 0 58 54 50 60 56 52
3359.49 0.974684 0.5 0 1 0 0 0 0 0 0 0 0 0 0 0 0 0 0 0 0 0 0 0.446996
0.388949 0.412155 0.431689 0.47857;
glide 40.201;
color-cp17 -2.75261e+06;
color-cp16 -2.75261e+06;
color-cp15 -2.75261e+06;
color-cp14 -2.75261e+06;
color-cp13 -2.75261e+06;
color-cp12 -2.75261e+06;
color-cp11 -2.75261e+06;
color-cp37 -2.75261e+06;
color-cp36 -2.75261e+06;
color-cp35 -2.75261e+06;
color-cp34 -2.75261e+06;
color-cp33 -2.75261e+06;
color-cp32 -2.75261e+06;
color-cp31 -2.75261e+06;
color-cp57 -2.75261e+06;
color-cp56 -2.75261e+06;
color-cp55 -2.75261e+06;
color-cp54 -2.75261e+06;
color-cp53 -2.75261e+06;
color-cp52 -2.75261e+06;
color-cp51 -2.75261e+06;
color-cp41 -2.75261e+06;
color-cp42 -2.75261e+06;
color-cp43 -2.75261e+06;
color-cp44 -2.75261e+06;
color-cp45 -2.75261e+06;
color-cp46 -2.75261e+06;
color-cp47 -2.75261e+06;
color-cp21 -2.75261e+06;
color-cp22 -2.75261e+06;
color-cp23 -2.75261e+06;
color-cp24 -2.75261e+06;
color-cp25 -2.75261e+06;
color-cp26 -2.75261e+06;
color-cp27 -2.75261e+06;
preset_name ;
gens-ctl-2 1;
gens-waveform-2 1;
gens-ctl-3 1;
gens-waveform-3 1;
aniosc-ctl-2 1;
aniosc-wave-2 7;
LFO-ctrl-2 1;
LFO-waveform-2 0;
LFO-am-fm-phase-2 0;
LFO-ctrl-3 1;
LFO-waveform-3 0;
LFO-am-fm-phase-3 0;
granulate-sample-2 Sony_photo_camera.L.wav;
granulate-start-2 1;
granulate-ctrl-2 1;
granulate-sample-1 PC_home_4.L.wav;
granulate-start-1 0;
granulate-ctrl-1 1;
gens-ctl-1 1;
gens-waveform-1 1;
LFO-ctrl-1 1;
LFO-waveform-1 0;
LFO-am-fm-phase-1 0;
FM-invertt-5 0;
lfo-FM-amt-5 0;
lfo-FM-5 0;
lfo-AM-5 0;
lfo-route-dest-5 0;
lfo-FM-amt-4 0;
FM-invertt-4 0;
lfo-FM-4 0;
lfo-AM-4 0;
lfo-route-dest-4 0;
main-adsr 0 0 0 0 0;
adsr-amp-ctrl 1;
main-adsr-mode 1;
adsr-2 0.336535 0.206552 0.623916 0.978932 0.675479;
adsr-2-ctrl 1;
adsr-1 0 0 0 0 0.446996;
adsr-1-ctrl 1;
lfo-FM-3 0;
lfo-AM-3 0;
lfo-route-dest-3 0;
lfo-FM-2 0;
lfo-AM-2 0;
lfo-route-dest-2 0;
aniosc-ctl-1 1;
aniosc-wave-1 7;
delay-ctrl 1;
reso-lvl-ctrl 1;
reso-pitch-ctrl 1;
crush-ctrl 1;
extreme-drive 0;
drive-ctrl 1;
filter-ctrl 1;
lfo-FM-1 0;
lfo-AM-1 0;
lfo-route-dest-1 0;
main-mix-ctrl 1;
