p34 48 8.65602 0.5 0 48 11.9063 0.5 0 48 0.5 0 48 0.5 0 48 0.5 0 100
835.082 0 0 16 534.633 1.50644 50 2.70491 2.08287 4.95507 20 43 36
12 18 185 44 50 35 2.01613 0 0.291339 0.862165 0 0.627216 71.2823 0.638572
1.74919 8.58976 0.899997 0.14574 912.931 1.12205 0.5 0 70.8962 0 61.9386
95.1509 154.245 137.198 3333.7 0.829255 0.5 0 0.817961 0 0.244094 0
0 0 0 0 0 0 0 0 0.814288 0.850001 0.385713 0.364285 0.364285 0.399999
0.521428 0.521428 0.385713 0.436508 0.332861 0.196128 0.630769 1 0.683761
;
p17 48 8.65602 0.5 0 48 11.9063 0.5 0 48 0.5 0 48 0.5 0 48 0.5 0 100
835.082 0 0 16 534.633 1.50644 50 2.70491 2.08287 4.95507 20 43 36
12 19 185 44 50 35 2.01613 0 0.291339 0.862165 0 0 71.2823 0.638572
1.74919 8.58976 0.899997 0.14574 912.931 1.12205 0.5 0 70.8962 0 61.9386
95.1509 154.245 137.198 3333.7 0.829255 0.5 0 0.817961 0 0.244094 0
0 0 0 0 0 0 0 0 0.814288 0.850001 0.385713 0.364285 0.364285 0.399999
0.521428 0.521428 0.385713 0.436508 0.332861 0.196128 0.630769 1 0.683761
;
p27 48 8.65602 0.5 0 48 11.9063 0.5 0 48 0.5 0 48 0.5 0 48 0.5 0 100
835.082 0 0 16 534.633 1.50644 50 2.70491 2.08287 4.95507 20 43 36
12 19 185 44 50 35 2.01613 0 0.291339 0.862165 0 0 71.2823 0.638572
1.74919 8.58976 0.899997 0.14574 912.931 1.12205 0.5 0 70.8962 0 61.9386
95.1509 154.245 137.198 3333.7 0.829255 0.5 0 0.817961 0 0.244094 0
0 0 0 0 0 0 0 0 0.814288 0.850001 0.385713 0.364285 0.364285 0.399999
0.521428 0.521428 0.385713 0.436508 0.332861 0.196128 0.630769 1 0.683761
;
p37 48 8.65602 0.5 0 48 11.9063 0.5 0 48 0.5 0 48 0.5 0 48 0.5 0 100
835.082 0 0 16 534.633 1.50644 50 2.70491 2.08287 4.95507 20 43 36
12 19 185 44 50 35 2.01613 0 0.291339 0.862165 0 0 71.2823 0.638572
1.33892 8.58976 0.899997 0.14574 912.931 1.12205 0.5 0 70.8962 0 61.9386
95.1509 154.245 137.198 3333.7 0.829255 0.5 0 0.817961 0 0.244094 0
0 0 0 0 0 0 0 0 0.814288 0.850001 0.385713 0.364285 0.364285 0.399999
0.521428 0.521428 0.385713 0.436508 0.332861 0.196128 0.630769 1 0.683761
;
p47 48 8.65602 0.5 0 48 11.9063 0.5 0 48 0.5 0 48 0.5 0 48 0.5 0 100
835.082 0 0 16 534.633 1.50644 50 2.70491 2.08287 4.95507 20 43 36
12 19 185 44 50 35 2.01613 0 0.291339 0.862165 0 0 71.2823 0.638572
1.33892 8.58976 0.899997 0.14574 912.931 1.12205 0.5 0 70.8962 0 61.9386
95.1509 154.245 137.198 3333.7 0.829255 0.5 0 0.817961 0 0.244094 0
0 0 0 0 0 0 0 0 0.814288 0.850001 0.385713 0.364285 0.364285 0.399999
0.521428 0.521428 0.385713 0.436508 0.332861 0.196128 0.630769 1 0.683761
;
p57 48 8.65602 0.5 0 48 11.9063 0.5 0 48 0.5 0 48 0.5 0 48 0.5 0 100
835.082 0 0 16 534.633 1.50644 50 2.70491 2.08287 4.95507 20 43 36
12 19 185 44 50 35 2.01613 0 0.291339 0.862165 0 0 71.2823 0.638572
1 8.58976 0.899997 0.14574 912.931 1.12205 0.5 0 70.8962 0 61.9386
95.1509 154.245 137.198 3333.7 0.829255 0.5 0 0.817961 0 0.244094 0
0 0 0 0 0 0 0 0 0.814288 0.850001 0.385713 0.364285 0.364285 0.399999
0.521428 0.521428 0.385713 0.436508 0.332861 0.196128 0.630769 1 0.683761
;
p56 48 8.65602 0.5 0 48 11.9063 0.5 0 48 0.5 0 48 0.5 0 48 0.5 0 100
835.082 0 0 16 534.633 1.50644 50 2.70491 2.08287 4.95507 20 43 36
12 19 185 44 50 35 2.01613 0 0.291339 0.862165 0 0 71.2823 0.638572
1 8.58976 0.899997 0.14574 912.931 1.12205 0.5 0 70.8962 0 61.9386
95.1509 154.245 137.198 3333.7 0.829255 0.5 0 0.817961 0 0.244094 0
0 0 0 0 0 0 0 0 0.814288 0.850001 0.385713 0.364285 0.364285 0.399999
0.521428 0.521428 0.385713 0.436508 0.332861 0.196128 0.630769 1 0.683761
;
p46 48 8.65602 0.5 0 48 11.9063 0.5 0 48 0.5 0 48 0.5 0 48 0.5 0 100
835.082 0 0 16 534.633 1.50644 50 2.70491 2.08287 4.95507 20 43 36
12 19 185 44 50 35 2.01613 0 0.291339 0.862165 0 0 71.2823 0.638572
1.33892 8.58976 0.899997 0.14574 912.931 1.12205 0.5 0 70.8962 0 61.9386
95.1509 154.245 137.198 3333.7 0.829255 0.5 0 0.817961 0 0.244094 0
0 0 0 0 0 0 0 0 0.814288 0.850001 0.385713 0.364285 0.364285 0.399999
0.521428 0.521428 0.385713 0.436508 0.332861 0.196128 0.630769 1 0.683761
;
p36 48 8.65602 0.5 0 48 11.9063 0.5 0 48 0.5 0 48 0.5 0 48 0.5 0 100
835.082 0 0 16 534.633 1.50644 50 2.70491 2.08287 4.95507 20 43 36
12 19 185 44 50 35 2.01613 0 0.291339 0.862165 0 0 71.2823 0.638572
1.33892 8.58976 0.899997 0.14574 912.931 1.12205 0.5 0 70.8962 0 61.9386
95.1509 154.245 137.198 3333.7 0.829255 0.5 0 0.817961 0 0.244094 0
0 0 0 0 0 0 0 0 0.814288 0.850001 0.385713 0.364285 0.364285 0.399999
0.521428 0.521428 0.385713 0.436508 0.332861 0.196128 0.630769 1 0.683761
;
p26 48 8.65602 0.5 0 48 11.9063 0.5 0 48 0.5 0 48 0.5 0 48 0.5 0 100
835.082 0 0 16 534.633 1.50644 50 2.70491 2.08287 4.95507 20 43 36
12 19 185 44 50 35 2.01613 0 0.291339 0.862165 0 0 71.2823 0.638572
1.74919 8.58976 0.899997 0.14574 912.931 1.12205 0.5 0 70.8962 0 61.9386
95.1509 154.245 137.198 3333.7 0.829255 0.5 0 0.817961 0 0.244094 0
0 0 0 0 0 0 0 0 0.814288 0.850001 0.385713 0.364285 0.364285 0.399999
0.521428 0.521428 0.385713 0.436508 0.332861 0.196128 0.630769 1 0.683761
;
p16 48 8.65602 0.5 0 48 11.9063 0.5 0 48 0.5 0 48 0.5 0 48 0.5 0 100
835.082 0 0 16 534.633 1.50644 50 2.70491 2.08287 4.95507 20 43 36
12 19 185 44 50 35 2.01613 0 0.291339 0.862165 0 0 71.2823 0.638572
1.74919 8.58976 0.899997 0.14574 912.931 1.12205 0.5 0 70.8962 0 61.9386
95.1509 154.245 137.198 3333.7 0.829255 0.5 0 0.817961 0 0.244094 0
0 0 0 0 0 0 0 0 0.814288 0.850001 0.385713 0.364285 0.364285 0.399999
0.521428 0.521428 0.385713 0.436508 0.332861 0.196128 0.630769 1 0.683761
;
p15 48 8.65602 0.5 0 48 11.9063 0.5 0 48 0.5 0 48 0.5 0 48 0.5 0 100
835.082 0 0 16 534.633 1.50644 50 2.70491 2.08287 4.95507 20 43 36
12 19 185 44 50 35 2.01613 0 0.291339 0.862165 0 0 0.185002 5.99887
1 8.58976 0 0.14574 912.931 1.12205 0.5 0 70.8962 0 61.9386 95.1509
154.245 137.198 3333.7 0.829255 0.5 0 0.817961 0 0.244094 0 0 0 0 0
0 0 0 0 0.814288 0.850001 0.385713 0.364285 0.364285 0.399999 0.521428
0.521428 0.385713 0.436508 0.332861 0.196128 0.630769 1 0.683761;
p25 48 8.65602 0.5 0 48 11.9063 0.5 0 48 0.5 0 48 0.5 0 48 0.5 0 100
835.082 0 0 16 534.633 1.50644 50 2.70491 2.08287 4.95507 20 43 36
12 19 185 44 50 35 2.01613 0 0.291339 0.862165 0 0 0.185002 5.99887
1 8.58976 0 0.14574 912.931 1.12205 0.5 0 70.8962 0 61.9386 95.1509
154.245 137.198 3333.7 0.829255 0.5 0 0.817961 0 0.244094 0 0 0 0 0
0 0 0 0 0.814288 0.850001 0.385713 0.364285 0.364285 0.399999 0.521428
0.521428 0.385713 0.436508 0.332861 0.196128 0.630769 1 0.683761;
p35 48 8.65602 0.5 0 48 11.9063 0.5 0 48 0.5 0 48 0.5 0 48 0.5 0 100
835.082 0 0 16 534.633 1.50644 50 2.70491 2.08287 4.95507 20 43 36
12 18 185 44 50 35 2.01613 0 0.291339 0.862165 0 0.627216 71.2823 0.638572
1.74919 8.58976 0.899997 0.14574 912.931 1.12205 0.5 0 70.8962 0 61.9386
95.1509 154.245 137.198 3333.7 0.829255 0.5 0 0.817961 0 0.244094 0
0 0 0 0 0 0 0 0 0.814288 0.850001 0.385713 0.364285 0.364285 0.399999
0.521428 0.521428 0.385713 0.436508 0.332861 0.196128 0.630769 1 0.683761
;
p45 48 8.65602 0.5 0 48 11.9063 0.5 0 48 0.5 0 48 0.5 0 48 0.5 0 100
835.082 0 0 16 534.633 1.50644 50 2.70491 2.08287 4.95507 20 43 36
12 18 185 44 50 35 2.01613 0 0.291339 0.862165 0 0.627216 71.2823 0.638572
1.74919 8.58976 0.899997 0.14574 912.931 1.12205 0.5 0 70.8962 0 61.9386
95.1509 154.245 137.198 3333.7 0.829255 0.5 0 0.817961 0 0.244094 0
0 0 0 0 0 0 0 0 0.814288 0.850001 0.385713 0.364285 0.364285 0.399999
0.521428 0.521428 0.385713 0.436508 0.332861 0.196128 0.630769 1 0.683761
;
p55 48 8.65602 0.5 0 48 11.9063 0.5 0 48 0.5 0 48 0.5 0 48 0.5 0 100
835.082 0 0 16 534.633 1.50644 50 2.70491 2.08287 4.95507 20 43 36
12 19 185 44 50 35 2.01613 0 0.291339 0.862165 0 0 71.2823 0.638572
1 8.58976 0.899997 0.14574 912.931 1.12205 0.5 0 70.8962 0 61.9386
95.1509 154.245 137.198 3333.7 0.829255 0.5 0 0.817961 0 0.244094 0
0 0 0 0 0 0 0 0 0.814288 0.850001 0.385713 0.364285 0.364285 0.399999
0.521428 0.521428 0.385713 0.436508 0.332861 0.196128 0.630769 1 0.683761
;
p54 48 8.65602 0.5 0 48 11.9063 0.5 0 48 0.5 0 48 0.5 0 48 0.5 0 100
835.082 0 0 16 534.633 1.50644 50 2.70491 2.08287 4.95507 20 43 36
12 19 185 44 50 35 2.01613 0 0.291339 0.862165 0 0 71.2823 0.638572
1 8.58976 0.899997 0.14574 912.931 1.12205 0.5 0 70.8962 0 61.9386
95.1509 154.245 137.198 3333.7 0.829255 0.5 0 0.817961 0 0.244094 0
0 0 0 0 0 0 0 0 0.814288 0.850001 0.385713 0.364285 0.364285 0.399999
0.521428 0.521428 0.385713 0.436508 0.332861 0.196128 0.630769 1 0.683761
;
p44 48 8.65602 0.5 0 48 11.9063 0.5 0 48 0.5 0 48 0.5 0 48 0.5 0 100
835.082 0 0 16 534.633 1.50644 50 2.70491 2.08287 4.95507 20 43 36
12 18 185 44 50 35 2.01613 0 0.291339 0.862165 0 0.627216 71.2823 0.638572
1.74919 8.58976 0.899997 0.14574 912.931 1.12205 0.5 0 70.8962 0 61.9386
95.1509 154.245 137.198 3333.7 0.829255 0.5 0 0.817961 0 0.244094 0
0 0 0 0 0 0 0 0 0.814288 0.850001 0.385713 0.364285 0.364285 0.399999
0.521428 0.521428 0.385713 0.436508 0.332861 0.196128 0.630769 1 0.683761
;
p24 48 8.65602 0.5 0 48 11.9063 0.5 0 48 0.5 0 48 0.5 0 48 0.5 0 100
835.082 0 0 16 534.633 1.50644 50 2.70491 2.08287 4.95507 20 43 36
12 19 185 44 50 35 2.01613 0 0.291339 0.862165 0 0 0.185002 5.99887
1 8.58976 0 0.14574 912.931 1.12205 0.5 0 70.8962 0 61.9386 95.1509
154.245 137.198 3333.7 0.829255 0.5 0 0.817961 0 0.244094 0 0 0 0 0
0 0 0 0 0.814288 0.850001 0.385713 0.364285 0.364285 0.399999 0.521428
0.521428 0.385713 0.436508 0.332861 0.196128 0.630769 1 0.683761;
p14 48 8.65602 0.5 0 48 11.9063 0.5 0 48 0.5 0 48 0.5 0 48 0.5 0 100
835.082 0 0 16 534.633 1.50644 50 2.70491 2.08287 4.95507 20 43 36
12 19 185 44 50 35 2.01613 0 0.291339 0.862165 0 0 0.185002 5.99887
1 8.58976 0 0.14574 912.931 1.12205 0.5 0 70.8962 0 61.9386 95.1509
154.245 137.198 3333.7 0.829255 0.5 0 0.817961 0 0.244094 0 0 0 0 0
0 0 0 0 0.814288 0.850001 0.385713 0.364285 0.364285 0.399999 0.521428
0.521428 0.385713 0.436508 0.332861 0.196128 0.630769 1 0.683761;
p13 48 8.65602 0.5 0 48 11.9063 0.5 0 48 0.5 0 48 0.5 0 48 0.5 0 100
835.082 0 0 16 534.633 1.50644 50 2.70491 2.08287 4.95507 20 43 36
12 19 185 44 50 35 2.01613 0 0.291339 0.862165 0 0 0.185002 5.99887
1 8.58976 0 0.14574 912.931 1.12205 0.5 0 70.8962 0 61.9386 95.1509
154.245 137.198 3333.7 0.829255 0.5 0 0.817961 0 0.244094 0 0 0 0 0
0 0 0 0 0.814288 0.850001 0.385713 0.364285 0.364285 0.399999 0.521428
0.521428 0.385713 0.436508 0.332861 0.196128 0.630769 1 0.683761;
p23 48 8.65602 0.5 0 48 11.9063 0.5 0 48 0.5 0 48 0.5 0 48 0.5 0 100
835.082 0 0 16 534.633 1.50644 50 2.70491 2.08287 4.95507 20 43 36
12 19 185 44 50 35 2.01613 0 0.291339 0.862165 0 0 0.185002 5.99887
1 8.58976 0 0.14574 912.931 1.12205 0.5 0 70.8962 0 61.9386 95.1509
154.245 137.198 3333.7 0.829255 0.5 0 0.817961 0 0.244094 0 0 0 0 0
0 0 0 0 0.814288 0.850001 0.385713 0.364285 0.364285 0.399999 0.521428
0.521428 0.385713 0.436508 0.332861 0.196128 0.630769 1 0.683761;
p33 48 8.65602 0.5 0 48 11.9063 0.5 0 48 0.5 0 48 0.5 0 48 0.5 0 100
835.082 0 0 16 534.633 1.50644 50 2.70491 2.08287 4.95507 20 43 36
12 18 185 44 50 35 2.01613 0 0.291339 0.862165 0 0.627216 71.2823 0.638572
1.74919 8.58976 0.899997 0.14574 912.931 1.12205 0.5 0 70.8962 0 61.9386
95.1509 154.245 137.198 3333.7 0.829255 0.5 0 0.817961 0 0.244094 0
0 0 0 0 0 0 0 0 0.814288 0.850001 0.385713 0.364285 0.364285 0.399999
0.521428 0.521428 0.385713 0.436508 0.332861 0.196128 0.630769 1 0.683761
;
p43 48 8.65602 0.5 0 48 11.9063 0.5 0 48 0.5 0 48 0.5 0 48 0.5 0 100
835.082 0 0 16 534.633 1.50644 50 2.70491 2.08287 4.95507 20 43 36
12 18 185 44 50 35 2.01613 0 0.291339 0.862165 0 0.627216 71.2823 0.638572
1.74919 8.58976 0.899997 0.14574 912.931 1.12205 0.5 0 70.8962 0 61.9386
95.1509 154.245 137.198 3333.7 0.829255 0.5 0 0.817961 0 0.244094 0
0 0 0 0 0 0 0 0 0.814288 0.850001 0.385713 0.364285 0.364285 0.399999
0.521428 0.521428 0.385713 0.436508 0.332861 0.196128 0.630769 1 0.683761
;
p53 48 8.65602 0.5 0 48 11.9063 0.5 0 48 0.5 0 48 0.5 0 48 0.5 0 100
835.082 0 0 16 534.633 1.50644 50 2.70491 2.08287 4.95507 20 43 36
12 19 185 44 50 35 2.01613 0 0.291339 0.862165 0 0 71.2823 0.638572
1 8.58976 0.899997 0.14574 912.931 1.12205 0.5 0 70.8962 0 61.9386
95.1509 154.245 137.198 3333.7 0.829255 0.5 0 0.817961 0 0.244094 0
0 0 0 0 0 0 0 0 0.814288 0.850001 0.385713 0.364285 0.364285 0.399999
0.521428 0.521428 0.385713 0.436508 0.332861 0.196128 0.630769 1 0.683761
;
p52 48 8.65602 0.5 0 48 11.9063 0.5 0 48 0.5 0 48 0.5 0 48 0.5 0 100
835.082 0 0 16 534.633 1.50644 50 2.70491 2.08287 4.95507 20 43 36
12 19 185 44 50 35 2.01613 0 0.291339 0.862165 0 0 71.2823 0.638572
1 8.58976 0.899997 0.14574 912.931 1.12205 0.5 0 70.8962 0 61.9386
95.1509 154.245 137.198 3333.7 0.829255 0.5 0 0.817961 0 0.244094 0
0 0 0 0 0 0 0 0 0.814288 0.850001 0.385713 0.364285 0.364285 0.399999
0.521428 0.521428 0.385713 0.436508 0.332861 0.196128 0.630769 1 0.683761
;
p51 48 8.65602 0.5 0 48 11.9063 0.5 0 48 0.5 0 48 0.5 0 48 0.5 0 100
835.082 0 0 16 534.633 1.50644 50 2.70491 2.08287 4.95507 20 43 36
12 19 185 44 50 35 2.01613 0 0.291339 0.862165 0 0 71.2823 0.638572
1 8.58976 0.899997 0.14574 912.931 1.12205 0.5 0 70.8962 0 61.9386
95.1509 154.245 137.198 3333.7 0.829255 0.5 0 0.817961 0 0.244094 0
0 0 0 0 0 0 0 0 0.814288 0.850001 0.385713 0.364285 0.364285 0.399999
0.521428 0.521428 0.385713 0.436508 0.332861 0.196128 0.630769 1 0.683761
;
p42 48 8.65602 0.5 0 48 11.9063 0.5 0 48 0.5 0 48 0.5 0 48 0.5 0 100
835.081 0 0 16 534.632 1.50644 50 2.70491 2.08287 4.95507 20 43 36
12 19 185 44 50 35 2.01613 0 0.291339 0.466411 0.339912 0 79.6353 0.387153
1 8.58976 0.954443 259.906 912.931 1.12205 1902.86 0.525299 14.7704
0.370688 88.6499 99.9688 112.734 102.246 1568.77 50.4669 1607.72 0.504588
0.5 1.27216e-06 0.654695 0 0 0 0 0 0 0 0 0 0.814288 0.850001 0.385713
0.364285 0.364285 0.399999 0.521428 0.521428 0.385713 0.436508 0.332861
0.196128 0.630769 1 0.683761;
p41 48 8.65602 0.5 0 48 11.9063 0.5 0 48 0.5 0 48 0.5 0 48 0.5 0 100
835.081 0 0 16 534.632 1.50644 50 2.70491 2.08287 4.95507 20 43 36
12 19 185 44 50 35 2.01613 0 0.291339 0.466411 0.339912 0 79.6353 0.387153
1 8.58976 0.954443 259.906 912.931 1.12205 1902.86 0.525299 14.7704
0.370688 88.6499 99.9688 112.734 102.246 1568.77 50.4669 1607.72 0.504588
0.5 1.27216e-06 0.654695 0 0 0 0 0 0 0 0 0 0.814288 0.850001 0.385713
0.364285 0.364285 0.399999 0.521428 0.521428 0.385713 0.436508 0.332861
0.196128 0.630769 1 0.683761;
p32 48 8.65602 0.5 0 48 11.9063 0.5 0 48 0.5 0 48 0.5 0 48 0.5 0 100
835.082 0 0 16 534.632 1.50644 50 2.70491 2.08287 4.95507 20 43 36
12 19 185 44 50 35 2.01613 0 0.291339 0.135273 0.624324 0 86.6244 0.176786
1 8.58976 1 477.254 912.931 1.12205 3494.62 0.964831 0.5 0.680851 111
104 78 73 92 92 2952.52 0.92679 0.495479 2.33661e-06 0.998255 0 0 0
0 0 0 0 0 0 0.814288 0.850001 0.385713 0.364285 0.364285 0.399999 0.521428
0.521428 0.385713 0.436508 0.332861 0.196128 0.630769 1 0.683761;
p31 48 8.65602 0.5 0 48 11.9063 0.5 0 48 0.5 0 48 0.5 0 48 0.5 0 100
835.082 0 0 16 534.632 1.50644 50 2.70491 2.08287 4.95507 20 43 36
12 19 185 44 50 35 2.01613 0 0.291339 0.135273 0.624324 0 86.6244 0.176786
1 8.58976 1 477.254 912.931 1.12205 3494.62 0.964831 0.5 0.680851 111
104 78 73 92 92 2952.52 0.92679 0.495479 2.33661e-06 0.998255 0 0 0
0 0 0 0 0 0 0.814288 0.850001 0.385713 0.364285 0.364285 0.399999 0.521428
0.521428 0.385713 0.436508 0.332861 0.196128 0.630769 1 0.683761;
p22 48 8.65602 0.5 0 48 11.9063 0.5 0 48 0.5 0 48 0.5 0 48 0.5 0 100
835.082 0 0 16 534.632 1.50644 50 2.70491 2.08287 4.95507 20 43 36
12 19 185 44 50 35 2.01613 0 0.291339 0.135273 0.624324 0 86.6244 0.176786
1 8.58976 1 477.254 912.931 1.12205 3494.62 0.964831 0.5 0.680851 111
104 78 73 92 92 2952.52 0.92679 0.495479 2.33661e-06 0.998255 0 0 0
0 0 0 0 0 0 0.814288 0.850001 0.385713 0.364285 0.364285 0.399999 0.521428
0.521428 0.385713 0.436508 0.332861 0.196128 0.630769 1 0.683761;
p21 48 8.65602 0.5 0 48 11.9063 0.5 0 48 0.5 0 48 0.5 0 48 0.5 0 100
835.082 0 0 16 534.632 1.50644 50 2.70491 2.08287 4.95507 20 43 36
12 19 185 44 50 35 2.01613 0 0.291339 0.135273 0.624324 0 86.6244 0.176786
1 8.58976 1 477.254 912.931 1.12205 3494.62 0.964831 0.5 0.680851 111
104 78 73 92 92 2952.52 0.92679 0.495479 2.33661e-06 0.998255 0 0 0
0 0 0 0 0 0 0.814288 0.850001 0.385713 0.364285 0.364285 0.399999 0.521428
0.521428 0.385713 0.436508 0.332861 0.196128 0.630769 1 0.683761;
p12 48 8.65602 0.5 0 48 11.9063 0.5 0 48 0.5 0 48 0.5 0 48 0.5 0 100
835.082 0 0 16 534.632 1.50644 50 2.70491 2.08287 4.95507 20 43 36
12 19 185 44 50 35 2.01613 0 0.291339 0.135273 0.624324 0 86.6244 0.176786
1 8.58976 1 0.14574 912.931 1.12205 0.5 0 70.8962 0 111 104 78 73 92
92 2952.52 0.92679 0.495479 0.999997 0.998255 0 0 0 0 0 0 0 0 0 0.814288
0.850001 0.385713 0.364285 0.364285 0.399999 0.521428 0.521428 0.385713
0.436508 0.332861 0.196128 0.630769 1 0.683761;
p11 48 8.65602 0.5 0 48 11.9063 0.5 0 48 0.5 0 48 0.5 0 48 0.5 0 100
835.082 0 0 16 534.632 1.50644 50 2.70491 2.08287 4.95507 20 43 36
12 19 185 44 50 35 2.01613 0 0.291339 0.135273 0.624324 0 86.6244 0.176786
1 8.58976 1 0.14574 912.931 1.12205 0.5 0 70.8962 0 111 104 78 73 92
92 2952.52 0.92679 0.495479 0.999997 0.998255 0 0 0 0 0 0 0 0 0 0.814288
0.850001 0.385713 0.364285 0.364285 0.399999 0.521428 0.521428 0.385713
0.436508 0.332861 0.196128 0.630769 1 0.683761;
glide 40.201;
color-cp17 -1.05403e+07;
color-cp16 -1.05403e+07;
color-cp15 -7.11491e+06;
color-cp14 -7.11491e+06;
color-cp13 -7.11491e+06;
color-cp12 -1.61192e+07;
color-cp11 -1.61192e+07;
color-cp37 -3.57034e+06;
color-cp36 -3.57034e+06;
color-cp35 -1.4237e+07;
color-cp34 -1.4237e+07;
color-cp33 -1.4237e+07;
color-cp32 -1.6098e+07;
color-cp31 -1.6098e+07;
color-cp57 -3.22026e+06;
color-cp56 -3.22026e+06;
color-cp55 -3.22026e+06;
color-cp54 -3.22026e+06;
color-cp53 -3.22026e+06;
color-cp52 -3.22026e+06;
color-cp51 -3.22026e+06;
color-cp41 -1.60823e+07;
color-cp42 -1.60823e+07;
color-cp43 -1.4237e+07;
color-cp44 -1.4237e+07;
color-cp45 -1.4237e+07;
color-cp46 -3.57034e+06;
color-cp47 -3.57034e+06;
color-cp21 -1.6098e+07;
color-cp22 -1.6098e+07;
color-cp23 -7.11491e+06;
color-cp24 -7.11491e+06;
color-cp25 -7.11491e+06;
color-cp26 -1.05403e+07;
color-cp27 -1.05403e+07;
preset_name test;
gens-ctl-2 1;
gens-waveform-2 2;
gens-ctl-3 1;
gens-waveform-3 3;
aniosc-ctl-2 1;
aniosc-wave-2 5;
LFO-ctrl-2 0;
LFO-waveform-2 0;
LFO-am-fm-phase-2 0;
LFO-ctrl-3 0;
LFO-waveform-3 0;
LFO-am-fm-phase-3 0;
granulate-sample-2 bells_1.wav;
granulate-start-2 0;
granulate-ctrl-2 1;
granulate-sample-1 Sony_photo_camera.L.wav;
granulate-start-1 1;
granulate-ctrl-1 1;
gens-ctl-1 1;
gens-waveform-1 2;
LFO-ctrl-1 0;
LFO-waveform-1 0;
LFO-am-fm-phase-1 0;
FM-invertt-5 0;
lfo-FM-amt-5 33;
lfo-FM-5 0;
lfo-AM-5 0;
lfo-route-dest-5 0;
lfo-FM-amt-4 128;
FM-invertt-4 0;
lfo-FM-4 0;
lfo-AM-4 0;
lfo-route-dest-4 0;
main-adsr 0.814288 0.850001 0.385713 0.364285 0.364285;
adsr-amp-ctrl 1;
main-adsr-mode 1;
adsr-2 0.332861 0.196128 0.630769 1 0.683761;
adsr-2-ctrl 1;
adsr-1 0.399999 0.521428 0.521428 0.385713 0.436508;
adsr-1-ctrl 1;
lfo-FM-3 0;
lfo-AM-3 0;
lfo-route-dest-3 0;
lfo-FM-2 0;
lfo-AM-2 0;
lfo-route-dest-2 0;
aniosc-ctl-1 1;
aniosc-wave-1 14;
delay-ctrl 1;
reso-lvl-ctrl 1;
reso-pitch-ctrl 1;
crush-ctrl 1;
extreme-drive 0;
drive-ctrl 1;
filter-ctrl 1;
lfo-FM-1 0;
lfo-AM-1 0;
lfo-route-dest-1 0;
main-mix-ctrl 1;
