p34 52 11.2267 0.5 0.666548 33 13.5089 0.5 0.8614 46 0.5 0.790616 48
0.5 0.578048 48 0.5 0.0778584 0 0 0 0 0 0 0 0 0 0 0 0 0 0 0 0 0 0 0
0 0 0.0551181 0.291339 0.862165 0 0.017754 71.2823 5.99887 1 8.58976
0.347368 0.14574 912.931 1.12205 0.5 0 70.8962 0 61.9386 95.1509 154.245
137.198 3333.7 0.829255 0.5 0 0.5 0.149171 0.821024 0.845393 1.81001
0 0.871348 1.11398 7.7334 0 0 0 0.814288 0.850001 0.385713 0.364285
0.364285 0.399999 0.521428 0.521428 0.385713 0.436508 0.332861 0.196128
0.630769 1 0.683761;
p17 52 11.2267 0.5 0.666548 33 13.5089 0.5 0.8614 46 0.5 0.790616 48
0.5 0.578048 48 0.5 0.0778584 0 0 0 0 0 0 0 0 0 0 0 0 0 0 0 0 0 0 0
0 0 0.0551181 0.291339 0.862165 0 0 71.2823 5.99887 1 8.58976 1 0.14574
912.931 1.12205 0.5 0 70.8962 0 61.9386 95.1509 154.245 137.198 3333.7
0.829255 0.5 0 0.817961 0 0.821024 0.845393 1.81001 0 0.871348 1.11398
7.7334 0 0 0 0.814288 0.850001 0.385713 0.364285 0.364285 0.399999
0.521428 0.521428 0.385713 0.436508 0.332861 0.196128 0.630769 1 0.683761
;
p27 52 11.2267 0.5 0.666548 33 13.5089 0.5 0.8614 46 0.5 0.790616 48
0.5 0.578048 48 0.5 0.0778584 0 0 0 0 0 0 0 0 0 0 0 0 0 0 0 0 0 0 0
0 0 0.0551181 0.291339 0.862165 0 0 71.2823 5.99887 1 8.58976 1 0.14574
912.931 1.12205 0.5 0 70.8962 0 61.9386 95.1509 154.245 137.198 3333.7
0.829255 0.5 0 0.817961 0 0.821024 0.845393 1.81001 0 0.871348 1.11398
7.7334 0 0 0 0.814288 0.850001 0.385713 0.364285 0.364285 0.399999
0.521428 0.521428 0.385713 0.436508 0.332861 0.196128 0.630769 1 0.683761
;
p37 52 11.2267 0.5 0.666548 33 13.5089 0.5 0.8614 46 0.5 0.790616 48
0.5 0.578048 48 0.5 0.0778584 0 0 0 0 0 0 0 0 0 0 0 0 0 0 0 0 0 0 0
0 0 0.0551181 0.291339 0.862165 0 0 71.2823 5.99887 1 8.58976 1 0.14574
912.931 1.12205 0.5 0 70.8962 0 61.9386 95.1509 154.245 137.198 3333.7
0.829255 0.5 0 0.817961 0 0.821024 0.845393 1.81001 0 0.871348 1.11398
7.7334 0 0 0 0.814288 0.850001 0.385713 0.364285 0.364285 0.399999
0.521428 0.521428 0.385713 0.436508 0.332861 0.196128 0.630769 1 0.683761
;
p47 52 11.2267 0.5 0.666548 33 13.5089 0.5 0.8614 46 0.5 0.790616 48
0.5 0.578048 48 0.5 0.0778584 0 0 0 0 0 0 0 0 0 0 0 0 0 0 0 0 0 0 0
0 0 0.0551181 0.291339 0.862165 0 0 71.2823 5.99887 1 8.58976 1 0.14574
912.931 1.12205 0.5 0 70.8962 0 61.9386 95.1509 154.245 137.198 3333.7
0.829255 0.5 0 0.817961 0 0.821024 0.845393 1.81001 0 0.871348 1.11398
7.7334 0 0 0 0.814288 0.850001 0.385713 0.364285 0.364285 0.399999
0.521428 0.521428 0.385713 0.436508 0.332861 0.196128 0.630769 1 0.683761
;
p57 52 11.2267 0.5 0.666548 33 13.5089 0.5 0.8614 46 0.5 0.790616 48
0.5 0.578048 48 0.5 0.0778584 0 0 0 0 0 0 0 0 0 0 0 0 0 0 0 0 0 0 0
0 0 0.0551181 0.291339 0.862165 0 0 71.2823 5.99887 1 8.58976 1 0.14574
912.931 1.12205 0.5 0 70.8962 0 61.9386 95.1509 154.245 137.198 3333.7
0.829255 0.5 0 0.817961 0 0.821024 0.845393 1.81001 0 0.871348 1.11398
7.7334 0 0 0 0.814288 0.850001 0.385713 0.364285 0.364285 0.399999
0.521428 0.521428 0.385713 0.436508 0.332861 0.196128 0.630769 1 0.683761
;
p56 52 11.2267 0.5 0.666548 33 13.5089 0.5 0.8614 46 0.5 0.790616 48
0.5 0.578048 48 0.5 0.0778584 0 0 0 0 0 0 0 0 0 0 0 0 0 0 0 0 0 0 0
0 0 0.0551181 0.291339 0.862165 0 0.857988 71.2823 5.99887 1 8.58976
1 0.14574 912.931 1.12205 0.5 0 70.8962 0 61.9386 95.1509 154.245 137.198
3333.7 0.829255 0.5 0 0.817961 0 0.821024 0.845393 1.81001 0 0.871348
1.11398 7.7334 0 0 0 0.814288 0.850001 0.385713 0.364285 0.364285 0.399999
0.521428 0.521428 0.385713 0.436508 0.332861 0.196128 0.630769 1 0.683761
;
p46 52 11.2267 0.5 0.666548 33 13.5089 0.5 0.8614 46 0.5 0.790616 48
0.5 0.578048 48 0.5 0.0778584 0 0 0 0 0 0 0 0 0 0 0 0 0 0 0 0 0 0 0
0 0 0.0551181 0.291339 0.862165 0 0.857988 71.2823 5.99887 1 8.58976
1 0.14574 912.931 1.12205 0.5 0 70.8962 0 61.9386 95.1509 154.245 137.198
3333.7 0.829255 0.5 0 0.817961 0 0.821024 0.845393 1.81001 0 0.871348
1.11398 7.7334 0 0 0 0.814288 0.850001 0.385713 0.364285 0.364285 0.399999
0.521428 0.521428 0.385713 0.436508 0.332861 0.196128 0.630769 1 0.683761
;
p36 52 11.2267 0.5 0.666548 33 13.5089 0.5 0.8614 46 0.5 0.790616 48
0.5 0.578048 48 0.5 0.0778584 0 0 0 0 0 0 0 0 0 0 0 0 0 0 0 0 0 0 0
0 0 0.0551181 0.291339 0.862165 0 0.857988 71.2823 5.99887 1 8.58976
1 0.14574 912.931 1.12205 0.5 0 70.8962 0 61.9386 95.1509 154.245 137.198
3333.7 0.829255 0.5 0 0.817961 0 0.821024 0.845393 1.81001 0 0.871348
1.11398 7.7334 0 0 0 0.814288 0.850001 0.385713 0.364285 0.364285 0.399999
0.521428 0.521428 0.385713 0.436508 0.332861 0.196128 0.630769 1 0.683761
;
p26 52 11.2267 0.5 0.666548 33 13.5089 0.5 0.8614 46 0.5 0.790616 48
0.5 0.578048 48 0.5 0.0778584 0 0 0 0 0 0 0 0 0 0 0 0 0 0 0 0 0 0 0
0 0 0.0551181 0.291339 0.862165 0 0.857988 71.2823 5.99887 1 8.58976
1 0.14574 912.931 1.12205 0.5 0 70.8962 0 61.9386 95.1509 154.245 137.198
3333.7 0.829255 0.5 0 0.817961 0 0.821024 0.845393 1.81001 0 0.871348
1.11398 7.7334 0 0 0 0.814288 0.850001 0.385713 0.364285 0.364285 0.399999
0.521428 0.521428 0.385713 0.436508 0.332861 0.196128 0.630769 1 0.683761
;
p16 52 11.2267 0.5 0.666548 33 13.5089 0.5 0.8614 46 0.5 0.790616 48
0.5 0.578048 48 0.5 0.0778584 0 0 0 0 0 0 0 0 0 0 0 0 0 0 0 0 0 0 0
0 0 0.0551181 0.291339 0.862165 0 0.857988 71.2823 5.99887 1 8.58976
1 0.14574 912.931 1.12205 0.5 0 70.8962 0 61.9386 95.1509 154.245 137.198
3333.7 0.829255 0.5 0 0.817961 0 0.821024 0.845393 1.81001 0 0.871348
1.11398 7.7334 0 0 0 0.814288 0.850001 0.385713 0.364285 0.364285 0.399999
0.521428 0.521428 0.385713 0.436508 0.332861 0.196128 0.630769 1 0.683761
;
p15 52 11.2267 0.5 0.666548 33 13.5089 0.5 0.8614 46 0.5 0.790616 48
0.5 0.578048 48 0.5 0.0778584 0 0 0 0 0 0 0 0 0 0 0 0 0 0 0 0 0 0 0
0 0 0.0551181 0.291339 0.862165 0 0.857988 71.2823 5.99887 1 8.58976
0.347368 0.14574 912.931 1.12205 0.5 0 70.8962 0 61.9386 95.1509 154.245
137.198 3333.7 0.829255 0.5 0 0.817961 0 0.821024 0.845393 1.81001
0 0.871348 1.11398 7.7334 0 0 0 0.814288 0.850001 0.385713 0.364285
0.364285 0.399999 0.521428 0.521428 0.385713 0.436508 0.332861 0.196128
0.630769 1 0.683761;
p25 52 11.2267 0.5 0.666548 33 13.5089 0.5 0.8614 46 0.5 0.790616 48
0.5 0.578048 48 0.5 0.0778584 0 0 0 0 0 0 0 0 0 0 0 0 0 0 0 0 0 0 0
0 0 0.0551181 0.291339 0.862165 0 0.857988 71.2823 5.99887 1 8.58976
0.347368 0.14574 912.931 1.12205 0.5 0 70.8962 0 61.9386 95.1509 154.245
137.198 3333.7 0.829255 0.5 0 0.817961 0 0.821024 0.845393 1.81001
0 0.871348 1.11398 7.7334 0 0 0 0.814288 0.850001 0.385713 0.364285
0.364285 0.399999 0.521428 0.521428 0.385713 0.436508 0.332861 0.196128
0.630769 1 0.683761;
p35 52 11.2267 0.5 0.666548 33 13.5089 0.5 0.8614 46 0.5 0.790616 48
0.5 0.578048 48 0.5 0.0778584 0 0 0 0 0 0 0 0 0 0 0 0 0 0 0 0 0 0 0
0 0 0.0551181 0.291339 0.862165 0 0.857988 71.2823 5.99887 1 8.58976
0.347368 0.14574 912.931 1.12205 0.5 0 70.8962 0 61.9386 95.1509 154.245
137.198 3333.7 0.829255 0.5 0 0.817961 0 0.821024 0.845393 1.81001
0 0.871348 1.11398 7.7334 0 0 0 0.814288 0.850001 0.385713 0.364285
0.364285 0.399999 0.521428 0.521428 0.385713 0.436508 0.332861 0.196128
0.630769 1 0.683761;
p45 52 11.2267 0.5 0.666548 33 13.5089 0.5 0.8614 46 0.5 0.790616 48
0.5 0.578048 48 0.5 0.0778584 0 0 0 0 0 0 0 0 0 0 0 0 0 0 0 0 0 0 0
0 0 0.0551181 0.291339 0.862165 0 0.857988 71.2823 5.99887 1 8.58976
0.347368 0.14574 912.931 1.12205 0.5 0 70.8962 0 61.9386 95.1509 154.245
137.198 3333.7 0.829255 0.5 0 0.817961 0 0.821024 0.845393 1.81001
0 0.871348 1.11398 7.7334 0 0 0 0.814288 0.850001 0.385713 0.364285
0.364285 0.399999 0.521428 0.521428 0.385713 0.436508 0.332861 0.196128
0.630769 1 0.683761;
p55 52 11.2267 0.5 0.666548 33 13.5089 0.5 0.8614 46 0.5 0.790616 48
0.5 0.578048 48 0.5 0.0778584 0 0 0 0 0 0 0 0 0 0 0 0 0 0 0 0 0 0 0
0 0 0.0551181 0.291339 0.862165 0 0.857988 71.2823 5.99887 1 8.58976
0.347368 0.14574 912.931 1.12205 0.5 0 70.8962 0 61.9386 95.1509 154.245
137.198 3333.7 0.829255 0.5 0 0.817961 0 0.821024 0.845393 1.81001
0 0.871348 1.11398 7.7334 0 0 0 0.814288 0.850001 0.385713 0.364285
0.364285 0.399999 0.521428 0.521428 0.385713 0.436508 0.332861 0.196128
0.630769 1 0.683761;
p54 52 11.2267 0.5 0.666548 33 13.5089 0.5 0.8614 46 0.5 0.790616 48
0.5 0.578048 48 0.5 0.0778584 0 0 0 0 0 0 0 0 0 0 0 0 0 0 0 0 0 0 0
0 0 0.0551181 0.291339 0.862165 0 0.017754 71.2823 5.99887 1 8.58976
0.347368 0.14574 912.931 1.12205 0.5 0 70.8962 0 61.9386 95.1509 154.245
137.198 3333.7 0.829255 0.5 0 0.5 0.149171 0.821024 0.845393 1.81001
0 0.871348 1.11398 7.7334 0 0 0 0.814288 0.850001 0.385713 0.364285
0.364285 0.399999 0.521428 0.521428 0.385713 0.436508 0.332861 0.196128
0.630769 1 0.683761;
p44 52 11.2267 0.5 0.666548 33 13.5089 0.5 0.8614 46 0.5 0.790616 48
0.5 0.578048 48 0.5 0.0778584 0 0 0 0 0 0 0 0 0 0 0 0 0 0 0 0 0 0 0
0 0 0.0551181 0.291339 0.862165 0 0.017754 71.2823 5.99887 1 8.58976
0.347368 0.14574 912.931 1.12205 0.5 0 70.8962 0 61.9386 95.1509 154.245
137.198 3333.7 0.829255 0.5 0 0.5 0.149171 0.821024 0.845393 1.81001
0 0.871348 1.11398 7.7334 0 0 0 0.814288 0.850001 0.385713 0.364285
0.364285 0.399999 0.521428 0.521428 0.385713 0.436508 0.332861 0.196128
0.630769 1 0.683761;
p24 52 11.2267 0.5 0.666548 33 13.5089 0.5 0.8614 46 0.5 0.790616 48
0.5 0.578048 48 0.5 0.0778584 0 0 0 0 0 0 0 0 0 0 0 0 0 0 0 0 0 0 0
0 0 0.0551181 0.291339 0.862165 0 0.017754 71.2823 5.99887 1 8.58976
0.347368 0.14574 912.931 1.12205 0.5 0 70.8962 0 61.9386 95.1509 154.245
137.198 3333.7 0.829255 0.5 0 0.5 0.149171 0.821024 0.845393 1.81001
0 0.871348 1.11398 7.7334 0 0 0 0.814288 0.850001 0.385713 0.364285
0.364285 0.399999 0.521428 0.521428 0.385713 0.436508 0.332861 0.196128
0.630769 1 0.683761;
p14 52 11.2267 0.5 0.666548 33 13.5089 0.5 0.8614 46 0.5 0.790616 48
0.5 0.578048 48 0.5 0.0778584 0 0 0 0 0 0 0 0 0 0 0 0 0 0 0 0 0 0 0
0 0 0.0551181 0.291339 0.862165 0 0.017754 71.2823 5.99887 1 8.58976
0.347368 0.14574 912.931 1.12205 0.5 0 70.8962 0 61.9386 95.1509 154.245
137.198 3333.7 0.829255 0.5 0 0.5 0.149171 0.821024 0.845393 1.81001
0 0.871348 1.11398 7.7334 0 0 0 0.814288 0.850001 0.385713 0.364285
0.364285 0.399999 0.521428 0.521428 0.385713 0.436508 0.332861 0.196128
0.630769 1 0.683761;
p13 52 11.2267 0.5 0.666548 33 13.5089 0.5 0.8614 46 0.5 0.790616 48
0.5 0.578048 48 0.5 0.0778584 0 0 0 0 0 0 0 0 0 0 0 0 0 0 0 0 0 0 0
0 0 0.0551181 0.291339 0.862165 0 0.017754 48.0822 0.2025 1 8.58976
0.347368 441.471 598.835 1.12205 2813.78 0.847373 0.5 0 61.9386 95.1509
154.245 137.198 3333.7 0.829255 0.5 0 0.5 0.149171 0.821024 0.845393
1.81001 0 0.871348 1.11398 7.7334 0 0 0 0.814288 0.850001 0.385713
0.364285 0.364285 0.399999 0.521428 0.521428 0.385713 0.436508 0.332861
0.196128 0.630769 1 0.683761;
p23 52 11.2267 0.5 0.666548 33 13.5089 0.5 0.8614 46 0.5 0.790616 48
0.5 0.578048 48 0.5 0.0778584 0 0 0 0 0 0 0 0 0 0 0 0 0 0 0 0 0 0 0
0 0 0.0551181 0.291339 0.862165 0 0.017754 48.0822 0.2025 1 8.58976
0.347368 441.471 598.835 1.12205 2813.78 0.847373 0.5 0 61.9386 95.1509
154.245 137.198 3333.7 0.829255 0.5 0 0.5 0.149171 0.821024 0.845393
1.81001 0 0.871348 1.11398 7.7334 0 0 0 0.814288 0.850001 0.385713
0.364285 0.364285 0.399999 0.521428 0.521428 0.385713 0.436508 0.332861
0.196128 0.630769 1 0.683761;
p33 52 11.2267 0.5 0.666548 33 13.5089 0.5 0.8614 46 0.5 0.790616 48
0.5 0.578048 48 0.5 0.0778584 0 0 0 0 0 0 0 0 0 0 0 0 0 0 0 0 0 0 0
0 0 0.0551181 0.291339 0.862165 0 0.017754 48.0822 0.2025 1 8.58976
0.347368 441.471 598.835 1.12205 2813.78 0.847373 0.5 0 61.9386 95.1509
154.245 137.198 3333.7 0.829255 0.5 0 0.5 0.149171 0.821024 0.845393
1.81001 0 0.871348 1.11398 7.7334 0 0 0 0.814288 0.850001 0.385713
0.364285 0.364285 0.399999 0.521428 0.521428 0.385713 0.436508 0.332861
0.196128 0.630769 1 0.683761;
p43 52 11.2267 0.5 0.666548 33 13.5089 0.5 0.8614 46 0.5 0.790616 48
0.5 0.578048 48 0.5 0.0778584 0 0 0 0 0 0 0 0 0 0 0 0 0 0 0 0 0 0 0
0 0 0.0551181 0.291339 0.862165 0 0.017754 48.0822 0.2025 1 8.58976
0.347368 441.471 598.835 1.12205 2813.78 0.847373 0.5 0 61.9386 95.1509
154.245 137.198 3333.7 0.829255 0.5 0 0.5 0.149171 0.821024 0.845393
1.81001 0 0.871348 1.11398 7.7334 0 0 0 0.814288 0.850001 0.385713
0.364285 0.364285 0.399999 0.521428 0.521428 0.385713 0.436508 0.332861
0.196128 0.630769 1 0.683761;
p53 52 11.2267 0.5 0.666548 33 13.5089 0.5 0.8614 46 0.5 0.790616 48
0.5 0.578048 48 0.5 0.0778584 0 0 0 0 0 0 0 0 0 0 0 0 0 0 0 0 0 0 0
0 0 0.0551181 0.291339 0.862165 0 0.017754 48.0822 0.2025 1 8.58976
0.347368 441.471 598.835 1.12205 2813.78 0.847373 0.5 0 61.9386 95.1509
154.245 137.198 3333.7 0.829255 0.5 0 0.5 0.149171 0.821024 0.845393
1.81001 0 0.871348 1.11398 7.7334 0 0 0 0.814288 0.850001 0.385713
0.364285 0.364285 0.399999 0.521428 0.521428 0.385713 0.436508 0.332861
0.196128 0.630769 1 0.683761;
p52 52 11.2267 0.5 0.666548 33 13.5089 0.5 0.8614 46 0.5 0.790616 48
0.5 0.578048 48 0.5 0.0778584 0 0 0 0 0 0 0 0 0 0 0 0 0 0 0 0 0 0 0
0 0 0.0551181 0.291339 0.862165 0 0.017754 48.0822 0.2025 1 8.58976
0.347368 441.471 598.835 1.12205 2813.78 0.847373 0.5 0.468083 61.9386
95.1509 154.245 137.198 3333.7 0.829255 0.5 0 0.5 0.149171 0.821024
0.845393 1.81001 0 0.871348 1.11398 7.7334 0 0 0 0.814288 0.850001
0.385713 0.364285 0.364285 0.399999 0.521428 0.521428 0.385713 0.436508
0.332861 0.196128 0.630769 1 0.683761;
p51 52 11.2267 0.5 0.666548 33 13.5089 0.5 0.8614 46 0.5 0.790616 48
0.5 0.578048 48 0.5 0.0778584 0 0 0 0 0 0 0 0 0 0 0 0 0 0 0 0 0 0 0
0 0 0.0551181 0.291339 0.862165 0 0.017754 66.792 0.2025 1 8.58976
0.347368 624.363 658.473 1.12205 2813.78 0.847373 0.5 0.468083 61.9386
95.1509 154.245 137.198 3333.7 0.829255 0.5 0 0.5 0.149171 0.821024
0.845393 1.81001 0 0.871348 1.11398 7.7334 0 0 0 0.814288 0.850001
0.385713 0.364285 0.364285 0.399999 0.521428 0.521428 0.385713 0.436508
0.332861 0.196128 0.630769 1 0.683761;
p42 52 11.2267 0.5 0.666548 33 13.5089 0.5 0.8614 46 0.5 0.790616 48
0.5 0.578048 48 0.5 0.0778584 0 0 0 0 0 0 0 0 0 0 0 0 0 0 0 0 0 0 0
0 0 0.0551181 0.291339 0.862165 0 0.017754 48.0822 0.2025 1 8.58976
0.347368 441.471 598.835 1.12205 2813.78 0.847373 0.5 0.468083 61.9386
95.1509 154.245 137.198 3333.7 0.829255 0.5 0 0.5 0.149171 0.821024
0.845393 1.81001 0 0.871348 1.11398 7.7334 0 0 0 0.814288 0.850001
0.385713 0.364285 0.364285 0.399999 0.521428 0.521428 0.385713 0.436508
0.332861 0.196128 0.630769 1 0.683761;
p41 52 11.2267 0.5 0.666548 33 13.5089 0.5 0.8614 46 0.5 0.790616 48
0.5 0.578048 48 0.5 0.0778584 0 0 0 0 0 0 0 0 0 0 0 0 0 0 0 0 0 0 0
0 0 0.0551181 0.291339 0.862165 0 0.017754 66.792 0.2025 1 8.58976
0.347368 624.363 658.473 1.12205 2813.78 0.847373 0.5 0.468083 61.9386
95.1509 154.245 137.198 3333.7 0.829255 0.5 0 0.5 0.149171 0.821024
0.845393 1.81001 0 0.871348 1.11398 7.7334 0 0 0 0.814288 0.850001
0.385713 0.364285 0.364285 0.399999 0.521428 0.521428 0.385713 0.436508
0.332861 0.196128 0.630769 1 0.683761;
p32 52 11.2267 0.5 0.666548 33 13.5089 0.5 0.8614 46 0.5 0.790616 48
0.5 0.578048 48 0.5 0.0778584 0 0 0 0 0 0 0 0 0 0 0 0 0 0 0 0 0 0 0
0 0 0.0551181 0.291339 0.862165 0 0.017754 48.0822 0.2025 1 8.58976
0.347368 441.471 598.835 1.12205 2813.78 0.847373 0.5 0.468083 61.9386
95.1509 154.245 137.198 3333.7 0.829255 0.5 0 0.5 0.149171 0.821024
0.845393 1.81001 0 0.871348 1.11398 7.7334 0 0 0 0.814288 0.850001
0.385713 0.364285 0.364285 0.399999 0.521428 0.521428 0.385713 0.436508
0.332861 0.196128 0.630769 1 0.683761;
p31 52 11.2267 0.5 0.666548 33 13.5089 0.5 0.8614 46 0.5 0.790616 48
0.5 0.578048 48 0.5 0.0778584 0 0 0 0 0 0 0 0 0 0 0 0 0 0 0 0 0 0 0
0 0 0.0551181 0.291339 0.862165 0 0.017754 66.792 0.2025 1 8.58976
0.347368 624.363 658.473 1.12205 2813.78 0.847373 0.5 0.468083 61.9386
95.1509 154.245 137.198 3333.7 0.829255 0.5 0 0.5 0.149171 0.821024
0.845393 1.81001 0 0.871348 1.11398 7.7334 0 0 0 0.814288 0.850001
0.385713 0.364285 0.364285 0.399999 0.521428 0.521428 0.385713 0.436508
0.332861 0.196128 0.630769 1 0.683761;
p22 52 11.2267 0.5 0.666548 33 13.5089 0.5 0.8614 46 0.5 0.790616 48
0.5 0.578048 48 0.5 0.0778584 0 0 0 0 0 0 0 0 0 0 0 0 0 0 0 0 0 0 0
0 0 0.0551181 0.291339 0.862165 0 0.017754 48.0822 0.2025 1 8.58976
0.347368 441.471 598.835 1.12205 2813.78 0.847373 0.5 0.468083 61.9386
95.1509 154.245 137.198 3333.7 0.829255 0.5 0 0.5 0.149171 0.821024
0.845393 1.81001 0 0.871348 1.11398 7.7334 0 0 0 0.814288 0.850001
0.385713 0.364285 0.364285 0.399999 0.521428 0.521428 0.385713 0.436508
0.332861 0.196128 0.630769 1 0.683761;
p21 52 11.2267 0.5 0.666548 33 13.5089 0.5 0.8614 46 0.5 0.790616 48
0.5 0.578048 48 0.5 0.0778584 0 0 0 0 0 0 0 0 0 0 0 0 0 0 0 0 0 0 0
0 0 0.0551181 0.291339 0.862165 0 0.017754 66.792 0.2025 1 8.58976
0.347368 624.363 658.473 1.12205 2813.78 0.847373 0.5 0.468083 61.9386
95.1509 154.245 137.198 3333.7 0.829255 0.5 0 0.5 0.149171 0.821024
0.845393 1.81001 0 0.871348 1.11398 7.7334 0 0 0 0.814288 0.850001
0.385713 0.364285 0.364285 0.399999 0.521428 0.521428 0.385713 0.436508
0.332861 0.196128 0.630769 1 0.683761;
p12 52 11.2267 0.5 0.666548 33 13.5089 0.5 0.8614 46 0.5 0.790616 48
0.5 0.578048 48 0.5 0.0778584 0 0 0 0 0 0 0 0 0 0 0 0 0 0 0 0 0 0 0
0 0 0.0551181 0.291339 0.862165 0 0.017754 48.0822 0.2025 1 8.58976
0.347368 441.471 598.835 1.12205 2813.78 0.847373 0.5 0.468083 61.9386
95.1509 154.245 137.198 3333.7 0.829255 0.5 0 0.5 0.149171 0.821024
0.845393 1.81001 0 0.871348 1.11398 7.7334 0 0 0 0.814288 0.850001
0.385713 0.364285 0.364285 0.399999 0.521428 0.521428 0.385713 0.436508
0.332861 0.196128 0.630769 1 0.683761;
p11 52 11.2267 0.5 0.666548 33 13.5089 0.5 0.8614 46 0.5 0.790616 48
0.5 0.578048 48 0.5 0.0778584 0 0 0 0 0 0 0 0 0 0 0 0 0 0 0 0 0 0 0
0 0 0.0551181 0.291339 0.862165 0 0.017754 66.792 0.2025 1 8.58976
0.347368 624.363 658.473 1.12205 2813.78 0.847373 0.5 0.468083 61.9386
95.1509 154.245 137.198 3333.7 0.829255 0.5 0 0.5 0.149171 0.821024
0.845393 1.81001 0 0.871348 1.11398 7.7334 0 0 0 0.814288 0.850001
0.385713 0.364285 0.364285 0.399999 0.521428 0.521428 0.385713 0.436508
0.332861 0.196128 0.630769 1 0.683761;
glide 297.791;
color-cp17 -8.21179e+06;
color-cp16 -4.60448e+06;
color-cp15 -1.18649e+07;
color-cp14 -1.18849e+07;
color-cp13 -8.47164e+06;
color-cp12 -1.23426e+07;
color-cp11 -1.43855e+07;
color-cp37 -8.21179e+06;
color-cp36 -4.60448e+06;
color-cp35 -1.18649e+07;
color-cp34 -1.18849e+07;
color-cp33 -8.47164e+06;
color-cp32 -1.23426e+07;
color-cp31 -1.43855e+07;
color-cp57 -8.21179e+06;
color-cp56 -4.60448e+06;
color-cp55 -1.18649e+07;
color-cp54 -1.18849e+07;
color-cp53 -8.47164e+06;
color-cp52 -1.23426e+07;
color-cp51 -1.43855e+07;
color-cp41 -1.43855e+07;
color-cp42 -1.23426e+07;
color-cp43 -8.47164e+06;
color-cp44 -1.18849e+07;
color-cp45 -1.18649e+07;
color-cp46 -4.60448e+06;
color-cp47 -8.21179e+06;
color-cp21 -1.43855e+07;
color-cp22 -1.23426e+07;
color-cp23 -8.47164e+06;
color-cp24 -1.18849e+07;
color-cp25 -1.18649e+07;
color-cp26 -4.60448e+06;
color-cp27 -8.21179e+06;
preset_name haos_pad;
gens-ctl-2 1;
gens-waveform-2 2;
gens-ctl-3 1;
gens-waveform-3 3;
aniosc-ctl-2 1;
aniosc-wave-2 1;
LFO-ctrl-2 0;
LFO-waveform-2 0;
LFO-am-fm-phase-2 0;
LFO-ctrl-3 0;
LFO-waveform-3 0;
LFO-am-fm-phase-3 0;
granulate-sample-2 bells_2.wav;
granulate-start-2 0;
granulate-ctrl-2 1;
granulate-sample-1 bells_2.wav;
granulate-start-1 0;
granulate-ctrl-1 1;
gens-ctl-1 1;
gens-waveform-1 2;
LFO-ctrl-1 0;
LFO-waveform-1 0;
LFO-am-fm-phase-1 0;
FM-invertt-5 0;
lfo-FM-amt-5 33;
lfo-FM-5 0;
lfo-AM-5 0;
lfo-route-dest-5 0;
lfo-FM-amt-4 128;
FM-invertt-4 0;
lfo-FM-4 0;
lfo-AM-4 0;
lfo-route-dest-4 0;
main-adsr 0.814288 0.850001 0.385713 0.364285 0.364285;
adsr-amp-ctrl 1;
main-adsr-mode 1;
adsr-2 0.332861 0.196128 0.630769 1 0.683761;
adsr-2-ctrl 1;
adsr-1 0.399999 0.521428 0.521428 0.385713 0.436508;
adsr-1-ctrl 1;
lfo-FM-3 0;
lfo-AM-3 0;
lfo-route-dest-3 0;
lfo-FM-2 0;
lfo-AM-2 0;
lfo-route-dest-2 0;
aniosc-ctl-1 1;
aniosc-wave-1 12;
delay-ctrl 1;
reso-lvl-ctrl 1;
reso-pitch-ctrl 1;
crush-ctrl 1;
extreme-drive 0;
drive-ctrl 0;
filter-ctrl 1;
lfo-FM-1 0;
lfo-AM-1 0;
lfo-route-dest-1 0;
main-mix-ctrl 1;
