p34 48 8.65602 0.5 0 48 11.9063 0.5 0 48 0.5 0 48 0.5 0 48 0.5 0 100
301.258 -7.60223 4.62832 6 415.022 102.401 50 37.039 1.38667 4.95507
20 43 36 12 19 185 44 50 35 2.01613 0 0.291339 0.862165 0 0 0.185002
5.99887 1 8.58976 0 0.14574 912.931 1.12205 0.5 0 70.8962 0 61.9386
95.1509 154.245 137.198 3333.7 0.829255 0.5 0 0.817961 0 0.244094 0
0 0 0 0 0 0 0 0 0.814288 0.850001 0.385713 0.364285 0.364285 0.399999
0.521428 0.521428 0.385713 0.436508 0.332861 0.196128 0.630769 1 0.683761
;
p17 48 8.65602 0.5 0 48 11.9063 0.5 0 48 0.5 0 48 0.5 0 48 0.5 0 100
301.258 -7.60223 4.62832 6 448.028 102.401 50 37.039 1.38667 4.95507
20 43 36 12 19 185 44 50 35 2.01613 0 0.291339 0.862165 0 0 0.185002
5.99887 1 8.58976 0 0.14574 912.931 1.12205 0.5 0 70.8962 0 61.9386
95.1509 154.245 137.198 3333.7 0.829255 0.5 0 0.817961 0 0.244094 0
0 0 0 0 0 0 0 0 0.814288 0.850001 0.385713 0.364285 0.364285 0.399999
0.521428 0.521428 0.385713 0.436508 0.332861 0.196128 0.630769 1 0.683761
;
p27 48 8.65602 0.5 0 48 11.9063 0.5 0 48 0.5 0 48 0.5 0 48 0.5 0 100
301.258 -7.60223 4.62832 6 448.028 102.401 50 37.039 1.38667 4.95507
20 43 36 12 19 185 44 50 35 2.01613 0 0.291339 0.862165 0 0 0.185002
5.99887 1 8.58976 0 0.14574 912.931 1.12205 0.5 0 70.8962 0 61.9386
95.1509 154.245 137.198 3333.7 0.829255 0.5 0 0.817961 0 0.244094 0
0 0 0 0 0 0 0 0 0.814288 0.850001 0.385713 0.364285 0.364285 0.399999
0.521428 0.521428 0.385713 0.436508 0.332861 0.196128 0.630769 1 0.683761
;
p37 48 8.65602 0.5 0 48 11.9063 0.5 0 48 0.5 0 48 0.5 0 48 0.5 0 100
301.258 -7.60223 4.62832 6 448.028 102.401 50 37.039 1.38667 4.95507
20 43 36 12 19 185 44 50 35 2.01613 0 0.291339 0.862165 0 0 0.185002
5.99887 1 8.58976 0 0.14574 912.931 1.12205 0.5 0 70.8962 0 61.9386
95.1509 154.245 137.198 3333.7 0.829255 0.5 0 0.817961 0 0.244094 0
0 0 0 0 0 0 0 0 0.814288 0.850001 0.385713 0.364285 0.364285 0.399999
0.521428 0.521428 0.385713 0.436508 0.332861 0.196128 0.630769 1 0.683761
;
p47 48 8.65602 0.5 0 48 11.9063 0.5 0 48 0.5 0 48 0.5 0 48 0.5 0 100
301.258 -7.60223 4.62832 6 448.028 102.401 50 37.039 1.38667 4.95507
20 43 36 12 19 185 44 50 35 2.01613 0 0.291339 0.862165 0 0 0.185002
5.99887 1 8.58976 0 0.14574 912.931 1.12205 0.5 0 70.8962 0 61.9386
95.1509 154.245 137.198 3333.7 0.829255 0.5 0 0.817961 0 0.244094 0
0 0 0 0 0 0 0 0 0.814288 0.850001 0.385713 0.364285 0.364285 0.399999
0.521428 0.521428 0.385713 0.436508 0.332861 0.196128 0.630769 1 0.683761
;
p57 48 8.65602 0.5 0 48 11.9063 0.5 0 48 0.5 0 48 0.5 0 48 0.5 0 100
301.258 -7.60223 4.62832 6 448.028 102.401 50 37.039 1.38667 4.95507
20 43 36 12 19 185 44 50 35 2.01613 0 0.291339 0.862165 0 0 0.185002
5.99887 1 8.58976 0 0.14574 912.931 1.12205 0.5 0 70.8962 0 61.9386
95.1509 154.245 137.198 3333.7 0.829255 0.5 0 0.817961 0 0.244094 0
0 0 0 0 0 0 0 0 0.814288 0.850001 0.385713 0.364285 0.364285 0.399999
0.521428 0.521428 0.385713 0.436508 0.332861 0.196128 0.630769 1 0.683761
;
p56 48 8.65602 0.5 0 48 11.9063 0.5 0 48 0.5 0 48 0.5 0 48 0.5 0 100
301.258 -7.60223 4.62832 6 443.811 102.401 50 37.039 1.38667 4.95507
20 43 36 12 19 185 44 50 35 2.01613 0 0.291339 0.862165 0 0 0.185002
5.99887 1 8.58976 0 0.14574 912.931 1.12205 0.5 0 70.8962 0 61.9386
95.1509 154.245 137.198 3333.7 0.829255 0.5 0 0.817961 0 0.244094 0
0 0 0 0 0 0 0 0 0.814288 0.850001 0.385713 0.364285 0.364285 0.399999
0.521428 0.521428 0.385713 0.436508 0.332861 0.196128 0.630769 1 0.683761
;
p46 48 8.65602 0.5 0 48 11.9063 0.5 0 48 0.5 0 48 0.5 0 48 0.5 0 100
301.258 -7.60223 4.62832 6 443.811 102.401 50 37.039 1.38667 4.95507
20 43 36 12 19 185 44 50 35 2.01613 0 0.291339 0.862165 0 0 0.185002
5.99887 1 8.58976 0 0.14574 912.931 1.12205 0.5 0 70.8962 0 61.9386
95.1509 154.245 137.198 3333.7 0.829255 0.5 0 0.817961 0 0.244094 0
0 0 0 0 0 0 0 0 0.814288 0.850001 0.385713 0.364285 0.364285 0.399999
0.521428 0.521428 0.385713 0.436508 0.332861 0.196128 0.630769 1 0.683761
;
p36 48 8.65602 0.5 0 48 11.9063 0.5 0 48 0.5 0 48 0.5 0 48 0.5 0 100
301.258 -7.60223 4.62832 6 443.811 102.401 50 37.039 1.38667 4.95507
20 43 36 12 19 185 44 50 35 2.01613 0 0.291339 0.862165 0 0 0.185002
5.99887 1 8.58976 0 0.14574 912.931 1.12205 0.5 0 70.8962 0 61.9386
95.1509 154.245 137.198 3333.7 0.829255 0.5 0 0.817961 0 0.244094 0
0 0 0 0 0 0 0 0 0.814288 0.850001 0.385713 0.364285 0.364285 0.399999
0.521428 0.521428 0.385713 0.436508 0.332861 0.196128 0.630769 1 0.683761
;
p26 48 8.65602 0.5 0 48 11.9063 0.5 0 48 0.5 0 48 0.5 0 48 0.5 0 100
301.258 -7.60223 4.62832 6 443.811 102.401 50 37.039 1.38667 4.95507
20 43 36 12 19 185 44 50 35 2.01613 0 0.291339 0.862165 0 0 0.185002
5.99887 1 8.58976 0 0.14574 912.931 1.12205 0.5 0 70.8962 0 61.9386
95.1509 154.245 137.198 3333.7 0.829255 0.5 0 0.817961 0 0.244094 0
0 0 0 0 0 0 0 0 0.814288 0.850001 0.385713 0.364285 0.364285 0.399999
0.521428 0.521428 0.385713 0.436508 0.332861 0.196128 0.630769 1 0.683761
;
p16 48 8.65602 0.5 0 48 11.9063 0.5 0 48 0.5 0 48 0.5 0 48 0.5 0 100
301.258 -7.60223 4.62832 6 443.811 102.401 50 37.039 1.38667 4.95507
20 43 36 12 19 185 44 50 35 2.01613 0 0.291339 0.862165 0 0 0.185002
5.99887 1 8.58976 0 0.14574 912.931 1.12205 0.5 0 70.8962 0 61.9386
95.1509 154.245 137.198 3333.7 0.829255 0.5 0 0.817961 0 0.244094 0
0 0 0 0 0 0 0 0 0.814288 0.850001 0.385713 0.364285 0.364285 0.399999
0.521428 0.521428 0.385713 0.436508 0.332861 0.196128 0.630769 1 0.683761
;
p15 48 8.65602 0.5 0 48 11.9063 0.5 0 48 0.5 0 48 0.5 0 48 0.5 0 100
301.258 -7.60223 4.62832 6 420.575 102.401 50 37.039 1.38667 4.95507
20 43 36 12 19 185 44 50 35 2.01613 0 0.291339 0.862165 0 0 0.185002
5.99887 1 8.58976 0 0.14574 912.931 1.12205 0.5 0 70.8962 0 61.9386
95.1509 154.245 137.198 3333.7 0.829255 0.5 0 0.817961 0 0.244094 0
0 0 0 0 0 0 0 0 0.814288 0.850001 0.385713 0.364285 0.364285 0.399999
0.521428 0.521428 0.385713 0.436508 0.332861 0.196128 0.630769 1 0.683761
;
p25 48 8.65602 0.5 0 48 11.9063 0.5 0 48 0.5 0 48 0.5 0 48 0.5 0 100
301.258 -7.60223 4.62832 6 420.575 102.401 50 37.039 1.38667 4.95507
20 43 36 12 19 185 44 50 35 2.01613 0 0.291339 0.862165 0 0 0.185002
5.99887 1 8.58976 0 0.14574 912.931 1.12205 0.5 0 70.8962 0 61.9386
95.1509 154.245 137.198 3333.7 0.829255 0.5 0 0.817961 0 0.244094 0
0 0 0 0 0 0 0 0 0.814288 0.850001 0.385713 0.364285 0.364285 0.399999
0.521428 0.521428 0.385713 0.436508 0.332861 0.196128 0.630769 1 0.683761
;
p35 48 8.65602 0.5 0 48 11.9063 0.5 0 48 0.5 0 48 0.5 0 48 0.5 0 100
301.258 -7.60223 4.62832 6 420.575 102.401 50 37.039 1.38667 4.95507
20 43 36 12 19 185 44 50 35 2.01613 0 0.291339 0.862165 0 0 0.185002
5.99887 1 8.58976 0 0.14574 912.931 1.12205 0.5 0 70.8962 0 61.9386
95.1509 154.245 137.198 3333.7 0.829255 0.5 0 0.817961 0 0.244094 0
0 0 0 0 0 0 0 0 0.814288 0.850001 0.385713 0.364285 0.364285 0.399999
0.521428 0.521428 0.385713 0.436508 0.332861 0.196128 0.630769 1 0.683761
;
p45 48 8.65602 0.5 0 48 11.9063 0.5 0 48 0.5 0 48 0.5 0 48 0.5 0 100
301.258 -7.60223 4.62832 6 420.575 102.401 50 37.039 1.38667 4.95507
20 43 36 12 19 185 44 50 35 2.01613 0 0.291339 0.862165 0 0 0.185002
5.99887 1 8.58976 0 0.14574 912.931 1.12205 0.5 0 70.8962 0 61.9386
95.1509 154.245 137.198 3333.7 0.829255 0.5 0 0.817961 0 0.244094 0
0 0 0 0 0 0 0 0 0.814288 0.850001 0.385713 0.364285 0.364285 0.399999
0.521428 0.521428 0.385713 0.436508 0.332861 0.196128 0.630769 1 0.683761
;
p55 48 8.65602 0.5 0 48 11.9063 0.5 0 48 0.5 0 48 0.5 0 48 0.5 0 100
301.258 -7.60223 4.62832 6 420.575 102.401 50 37.039 1.38667 4.95507
20 43 36 12 19 185 44 50 35 2.01613 0 0.291339 0.862165 0 0 0.185002
5.99887 1 8.58976 0 0.14574 912.931 1.12205 0.5 0 70.8962 0 61.9386
95.1509 154.245 137.198 3333.7 0.829255 0.5 0 0.817961 0 0.244094 0
0 0 0 0 0 0 0 0 0.814288 0.850001 0.385713 0.364285 0.364285 0.399999
0.521428 0.521428 0.385713 0.436508 0.332861 0.196128 0.630769 1 0.683761
;
p54 48 8.65602 0.5 0 48 11.9063 0.5 0 48 0.5 0 48 0.5 0 48 0.5 0 100
301.258 -7.60223 4.62832 6 415.022 102.401 50 37.039 1.38667 4.95507
20 43 36 12 19 185 44 50 35 2.01613 0 0.291339 0.862165 0 0 0.185002
5.99887 1 8.58976 0 0.14574 912.931 1.12205 0.5 0 70.8962 0 61.9386
95.1509 154.245 137.198 3333.7 0.829255 0.5 0 0.817961 0 0.244094 0
0 0 0 0 0 0 0 0 0.814288 0.850001 0.385713 0.364285 0.364285 0.399999
0.521428 0.521428 0.385713 0.436508 0.332861 0.196128 0.630769 1 0.683761
;
p44 48 8.65602 0.5 0 48 11.9063 0.5 0 48 0.5 0 48 0.5 0 48 0.5 0 100
301.258 -7.60223 4.62832 6 415.022 102.401 50 37.039 1.38667 4.95507
20 43 36 12 19 185 44 50 35 2.01613 0 0.291339 0.862165 0 0 0.185002
5.99887 1 8.58976 0 0.14574 912.931 1.12205 0.5 0 70.8962 0 61.9386
95.1509 154.245 137.198 3333.7 0.829255 0.5 0 0.817961 0 0.244094 0
0 0 0 0 0 0 0 0 0.814288 0.850001 0.385713 0.364285 0.364285 0.399999
0.521428 0.521428 0.385713 0.436508 0.332861 0.196128 0.630769 1 0.683761
;
p24 48 8.65602 0.5 0 48 11.9063 0.5 0 48 0.5 0 48 0.5 0 48 0.5 0 100
301.258 -7.60223 4.62832 6 415.022 102.401 50 37.039 1.38667 4.95507
20 43 36 12 19 185 44 50 35 2.01613 0 0.291339 0.862165 0 0 0.185002
5.99887 1 8.58976 0 0.14574 912.931 1.12205 0.5 0 70.8962 0 61.9386
95.1509 154.245 137.198 3333.7 0.829255 0.5 0 0.817961 0 0.244094 0
0 0 0 0 0 0 0 0 0.814288 0.850001 0.385713 0.364285 0.364285 0.399999
0.521428 0.521428 0.385713 0.436508 0.332861 0.196128 0.630769 1 0.683761
;
p14 48 8.65602 0.5 0 48 11.9063 0.5 0 48 0.5 0 48 0.5 0 48 0.5 0 100
301.258 -7.60223 4.62832 6 415.022 102.401 50 37.039 1.38667 4.95507
20 43 36 12 19 185 44 50 35 2.01613 0 0.291339 0.862165 0 0 0.185002
5.99887 1 8.58976 0 0.14574 912.931 1.12205 0.5 0 70.8962 0 61.9386
95.1509 154.245 137.198 3333.7 0.829255 0.5 0 0.817961 0 0.244094 0
0 0 0 0 0 0 0 0 0.814288 0.850001 0.385713 0.364285 0.364285 0.399999
0.521428 0.521428 0.385713 0.436508 0.332861 0.196128 0.630769 1 0.683761
;
p13 48 8.65602 0.5 0 48 11.9063 0.5 0 48 0.5 0 48 0.5 0 48 0.5 0 100
301.258 -7.60223 4.62832 6 408.631 102.401 50 37.039 1.38667 4.95507
20 43 36 12 19 185 44 50 35 2.01613 0 0.291339 0.862165 0 0 0.185002
5.99887 1 8.58976 0 0.14574 912.931 1.12205 0.5 0 70.8962 0 61.9386
95.1509 154.245 137.198 3333.7 0.829255 0.5 0 0.817961 0 0.244094 0
0 0 0 0 0 0 0 0 0.814288 0.850001 0.385713 0.364285 0.364285 0.399999
0.521428 0.521428 0.385713 0.436508 0.332861 0.196128 0.630769 1 0.683761
;
p23 48 8.65602 0.5 0 48 11.9063 0.5 0 48 0.5 0 48 0.5 0 48 0.5 0 100
301.258 -7.60223 4.62832 6 408.631 102.401 50 37.039 1.38667 4.95507
20 43 36 12 19 185 44 50 35 2.01613 0 0.291339 0.862165 0 0 0.185002
5.99887 1 8.58976 0 0.14574 912.931 1.12205 0.5 0 70.8962 0 61.9386
95.1509 154.245 137.198 3333.7 0.829255 0.5 0 0.817961 0 0.244094 0
0 0 0 0 0 0 0 0 0.814288 0.850001 0.385713 0.364285 0.364285 0.399999
0.521428 0.521428 0.385713 0.436508 0.332861 0.196128 0.630769 1 0.683761
;
p33 48 8.65602 0.5 0 48 11.9063 0.5 0 48 0.5 0 48 0.5 0 48 0.5 0 100
301.258 -7.60223 4.62832 6 408.631 102.401 50 37.039 1.38667 4.95507
20 43 36 12 19 185 44 50 35 2.01613 0 0.291339 0.862165 0 0 0.185002
5.99887 1 8.58976 0 0.14574 912.931 1.12205 0.5 0 70.8962 0 61.9386
95.1509 154.245 137.198 3333.7 0.829255 0.5 0 0.817961 0 0.244094 0
0 0 0 0 0 0 0 0 0.814288 0.850001 0.385713 0.364285 0.364285 0.399999
0.521428 0.521428 0.385713 0.436508 0.332861 0.196128 0.630769 1 0.683761
;
p43 48 8.65602 0.5 0 48 11.9063 0.5 0 48 0.5 0 48 0.5 0 48 0.5 0 100
301.258 -7.60223 4.62832 6 408.631 102.401 50 37.039 1.38667 4.95507
20 43 36 12 19 185 44 50 35 2.01613 0 0.291339 0.862165 0 0 0.185002
5.99887 1 8.58976 0 0.14574 912.931 1.12205 0.5 0 70.8962 0 61.9386
95.1509 154.245 137.198 3333.7 0.829255 0.5 0 0.817961 0 0.244094 0
0 0 0 0 0 0 0 0 0.814288 0.850001 0.385713 0.364285 0.364285 0.399999
0.521428 0.521428 0.385713 0.436508 0.332861 0.196128 0.630769 1 0.683761
;
p53 48 8.65602 0.5 0 48 11.9063 0.5 0 48 0.5 0 48 0.5 0 48 0.5 0 100
301.258 -7.60223 4.62832 6 408.631 102.401 50 37.039 1.38667 4.95507
20 43 36 12 19 185 44 50 35 2.01613 0 0.291339 0.862165 0 0 0.185002
5.99887 1 8.58976 0 0.14574 912.931 1.12205 0.5 0 70.8962 0 61.9386
95.1509 154.245 137.198 3333.7 0.829255 0.5 0 0.817961 0 0.244094 0
0 0 0 0 0 0 0 0 0.814288 0.850001 0.385713 0.364285 0.364285 0.399999
0.521428 0.521428 0.385713 0.436508 0.332861 0.196128 0.630769 1 0.683761
;
p52 48 8.65602 0.5 0 48 11.9063 0.5 0 48 0.5 0 48 0.5 0 48 0.5 0 100
301.258 -7.60223 4.62832 6 369.302 102.401 50 37.039 1.38667 4.95507
20 43 36 12 19 185 44 50 35 2.01613 0 0.291339 0.862165 0 0 0.185002
5.99887 1 8.58976 0 0.14574 912.931 1.12205 0.5 0 70.8962 0 61.9386
95.1509 154.245 137.198 3333.7 0.829255 0.5 0 0.817961 0 0.244094 0
0 0 0 0 0 0 0 0 0.814288 0.850001 0.385713 0.364285 0.364285 0.399999
0.521428 0.521428 0.385713 0.436508 0.332861 0.196128 0.630769 1 0.683761
;
p51 48 8.65602 0.5 0 48 11.9063 0.5 0 48 0.5 0 48 0.5 0 48 0.5 0 100
301.258 -7.60223 4.62832 6 369.302 102.401 50 37.039 1.38667 4.95507
20 43 36 12 19 185 44 50 35 2.01613 0 0.291339 0.862165 0 0 0.185002
5.99887 1 8.58976 0 0.14574 912.931 1.12205 0.5 0 70.8962 0 61.9386
95.1509 154.245 137.198 3333.7 0.829255 0.5 0 0.817961 0 0.244094 0
0 0 0 0 0 0 0 0 0.814288 0.850001 0.385713 0.364285 0.364285 0.399999
0.521428 0.521428 0.385713 0.436508 0.332861 0.196128 0.630769 1 0.683761
;
p42 48 8.65602 0.5 0 48 11.9063 0.5 0 48 0.5 0 48 0.5 0 48 0.5 0 100
301.258 -7.60223 4.62832 6 369.302 102.401 50 37.039 1.38667 4.95507
20 43 36 12 19 185 44 50 35 2.01613 0 0.291339 0.862165 0 0 0.185002
5.99887 1 8.58976 0 0.14574 912.931 1.12205 0.5 0 70.8962 0 61.9386
95.1509 154.245 137.198 3333.7 0.829255 0.5 0 0.817961 0 0.244094 0
0 0 0 0 0 0 0 0 0.814288 0.850001 0.385713 0.364285 0.364285 0.399999
0.521428 0.521428 0.385713 0.436508 0.332861 0.196128 0.630769 1 0.683761
;
p41 48 8.65602 0.5 0 48 11.9063 0.5 0 48 0.5 0 48 0.5 0 48 0.5 0 100
301.258 -7.60223 4.62832 6 369.302 102.401 50 37.039 1.38667 4.95507
20 43 36 12 19 185 44 50 35 2.01613 0 0.291339 0.862165 0 0 0.185002
5.99887 1 8.58976 0 0.14574 912.931 1.12205 0.5 0 70.8962 0 61.9386
95.1509 154.245 137.198 3333.7 0.829255 0.5 0 0.817961 0 0.244094 0
0 0 0 0 0 0 0 0 0.814288 0.850001 0.385713 0.364285 0.364285 0.399999
0.521428 0.521428 0.385713 0.436508 0.332861 0.196128 0.630769 1 0.683761
;
p32 48 8.65602 0.5 0 48 11.9063 0.5 0 48 0.5 0 48 0.5 0 48 0.5 0 100
301.258 -7.60223 4.62832 6 369.302 102.401 50 37.039 1.38667 4.95507
20 43 36 12 19 185 44 50 35 2.01613 0 0.291339 0.862165 0 0 0.185002
5.99887 1 8.58976 0 0.14574 912.931 1.12205 0.5 0 70.8962 0 61.9386
95.1509 154.245 137.198 3333.7 0.829255 0.5 0 0.817961 0 0.244094 0
0 0 0 0 0 0 0 0 0.814288 0.850001 0.385713 0.364285 0.364285 0.399999
0.521428 0.521428 0.385713 0.436508 0.332861 0.196128 0.630769 1 0.683761
;
p31 48 8.65602 0.5 0 48 11.9063 0.5 0 48 0.5 0 48 0.5 0 48 0.5 0 100
301.258 -7.60223 4.62832 6 369.302 102.401 50 37.039 1.38667 4.95507
20 43 36 12 19 185 44 50 35 2.01613 0 0.291339 0.862165 0 0 0.185002
5.99887 1 8.58976 0 0.14574 912.931 1.12205 0.5 0 70.8962 0 61.9386
95.1509 154.245 137.198 3333.7 0.829255 0.5 0 0.817961 0 0.244094 0
0 0 0 0 0 0 0 0 0.814288 0.850001 0.385713 0.364285 0.364285 0.399999
0.521428 0.521428 0.385713 0.436508 0.332861 0.196128 0.630769 1 0.683761
;
p22 48 8.65602 0.5 0 48 11.9063 0.5 0 48 0.5 0 48 0.5 0 48 0.5 0 100
301.258 -7.60223 4.62832 6 369.302 102.401 50 37.039 1.38667 4.95507
20 43 36 12 19 185 44 50 35 2.01613 0 0.291339 0.862165 0 0 0.185002
5.99887 1 8.58976 0 0.14574 912.931 1.12205 0.5 0 70.8962 0 61.9386
95.1509 154.245 137.198 3333.7 0.829255 0.5 0 0.817961 0 0.244094 0
0 0 0 0 0 0 0 0 0.814288 0.850001 0.385713 0.364285 0.364285 0.399999
0.521428 0.521428 0.385713 0.436508 0.332861 0.196128 0.630769 1 0.683761
;
p21 48 8.65602 0.5 0 48 11.9063 0.5 0 48 0.5 0 48 0.5 0 48 0.5 0 100
301.258 -7.60223 4.62832 6 369.302 102.401 50 37.039 1.38667 4.95507
20 43 36 12 19 185 44 50 35 2.01613 0 0.291339 0.862165 0 0 0.185002
5.99887 1 8.58976 0 0.14574 912.931 1.12205 0.5 0 70.8962 0 61.9386
95.1509 154.245 137.198 3333.7 0.829255 0.5 0 0.817961 0 0.244094 0
0 0 0 0 0 0 0 0 0.814288 0.850001 0.385713 0.364285 0.364285 0.399999
0.521428 0.521428 0.385713 0.436508 0.332861 0.196128 0.630769 1 0.683761
;
p12 48 8.65602 0.5 0 48 11.9063 0.5 0 48 0.5 0 48 0.5 0 48 0.5 0 100
301.258 -7.60223 4.62832 6 369.302 102.401 50 37.039 1.38667 4.95507
20 43 36 12 19 185 44 50 35 2.01613 0 0.291339 0.862165 0 0 0.185002
5.99887 1 8.58976 0 0.14574 912.931 1.12205 0.5 0 70.8962 0 61.9386
95.1509 154.245 137.198 3333.7 0.829255 0.5 0 0.817961 0 0.244094 0
0 0 0 0 0 0 0 0 0.814288 0.850001 0.385713 0.364285 0.364285 0.399999
0.521428 0.521428 0.385713 0.436508 0.332861 0.196128 0.630769 1 0.683761
;
p11 48 8.65602 0.5 0 48 11.9063 0.5 0 48 0.5 0 48 0.5 0 48 0.5 0 100
301.258 -7.60223 4.62832 6 369.302 102.401 50 37.039 1.38667 4.95507
20 43 36 12 19 185 44 50 35 2.01613 0 0.291339 0.862165 0 0 0.185002
5.99887 1 8.58976 0 0.14574 912.931 1.12205 0.5 0 70.8962 0 61.9386
95.1509 154.245 137.198 3333.7 0.829255 0.5 0 0.817961 0 0.244094 0
0 0 0 0 0 0 0 0 0.814288 0.850001 0.385713 0.364285 0.364285 0.399999
0.521428 0.521428 0.385713 0.436508 0.332861 0.196128 0.630769 1 0.683761
;
glide 40.201;
color-cp17 -8.97226e+06;
color-cp16 -2.31561e+06;
color-cp15 -2.30691e+06;
color-cp14 -2.30689e+06;
color-cp13 -2.301e+06;
color-cp12 -596264;
color-cp11 -596264;
color-cp37 -8.97226e+06;
color-cp36 -2.31561e+06;
color-cp35 -2.30691e+06;
color-cp34 -2.30689e+06;
color-cp33 -2.301e+06;
color-cp32 -596264;
color-cp31 -596264;
color-cp57 -8.97226e+06;
color-cp56 -2.31561e+06;
color-cp55 -2.30691e+06;
color-cp54 -2.30689e+06;
color-cp53 -2.301e+06;
color-cp52 -596264;
color-cp51 -596264;
color-cp41 -596264;
color-cp42 -596264;
color-cp43 -2.301e+06;
color-cp44 -2.30689e+06;
color-cp45 -2.30691e+06;
color-cp46 -2.31561e+06;
color-cp47 -8.97226e+06;
color-cp21 -596264;
color-cp22 -596264;
color-cp23 -2.301e+06;
color-cp24 -2.30689e+06;
color-cp25 -2.30691e+06;
color-cp26 -2.31561e+06;
color-cp27 -8.97226e+06;
preset_name test;
gens-ctl-2 1;
gens-waveform-2 2;
gens-ctl-3 1;
gens-waveform-3 3;
aniosc-ctl-2 1;
aniosc-wave-2 5;
LFO-ctrl-2 0;
LFO-waveform-2 0;
LFO-am-fm-phase-2 0;
LFO-ctrl-3 0;
LFO-waveform-3 0;
LFO-am-fm-phase-3 0;
granulate-sample-2 bells_1.wav;
granulate-start-2 0;
granulate-ctrl-2 1;
granulate-sample-1 Sony_photo_camera.L.wav;
granulate-start-1 1;
granulate-ctrl-1 1;
gens-ctl-1 1;
gens-waveform-1 2;
LFO-ctrl-1 0;
LFO-waveform-1 0;
LFO-am-fm-phase-1 0;
FM-invertt-5 0;
lfo-FM-amt-5 33;
lfo-FM-5 0;
lfo-AM-5 0;
lfo-route-dest-5 0;
lfo-FM-amt-4 128;
FM-invertt-4 0;
lfo-FM-4 0;
lfo-AM-4 0;
lfo-route-dest-4 0;
main-adsr 0.814288 0.850001 0.385713 0.364285 0.364285;
adsr-amp-ctrl 1;
main-adsr-mode 1;
adsr-2 0.332861 0.196128 0.630769 1 0.683761;
adsr-2-ctrl 1;
adsr-1 0.399999 0.521428 0.521428 0.385713 0.436508;
adsr-1-ctrl 1;
lfo-FM-3 0;
lfo-AM-3 0;
lfo-route-dest-3 0;
lfo-FM-2 0;
lfo-AM-2 0;
lfo-route-dest-2 0;
aniosc-ctl-1 1;
aniosc-wave-1 14;
delay-ctrl 1;
reso-lvl-ctrl 1;
reso-pitch-ctrl 1;
crush-ctrl 1;
extreme-drive 0;
drive-ctrl 1;
filter-ctrl 1;
lfo-FM-1 0;
lfo-AM-1 0;
lfo-route-dest-1 0;
main-mix-ctrl 1;
