granulate-sample-2 58416__darren1979__oceanwaves.wav;
granulate-start-2 1;
granulate-ctrl-2 1;
granulate-sample-1 Sony_photo_camera.L.wav;
granulate-start-1 1;
granulate-ctrl-1 1;
glide 14.0704;
color-cp17 -1.51977e+07;
color-cp16 -1.51977e+07;
color-cp15 -1.51977e+07;
color-cp14 -1.01943e+07;
color-cp13 -1.01943e+07;
color-cp12 -1.45004e+07;
color-cp11 -1.45004e+07;
color-cp37 -1;
color-cp36 -1.67772e+07;
color-cp35 -1.67772e+07;
color-cp34 -1.01943e+07;
color-cp33 -1.01943e+07;
color-cp32 -3.09149e+06;
color-cp31 -1.67772e+07;
color-cp57 -1;
color-cp56 -1;
color-cp55 -4.01389e+06;
color-cp54 -4.01389e+06;
color-cp53 -4.01389e+06;
color-cp52 -11274;
color-cp51 -5;
color-cp41 -3.09149e+06;
color-cp42 -1.67772e+07;
color-cp43 -1.51562e+07;
color-cp44 -1.51562e+07;
color-cp45 -1.67772e+07;
color-cp46 -1.67772e+07;
color-cp47 -1;
color-cp21 -1.45004e+07;
color-cp22 -1.45004e+07;
color-cp23 -1.01943e+07;
color-cp24 -1.01943e+07;
color-cp25 -1.51977e+07;
color-cp26 -1.51977e+07;
color-cp27 -1.51977e+07;
preset_name ;
p34 42 6.7645 0.5 0.0130557 48 6.88446 0.5 0.0120098 53 0.5 0.0200759
59 0.5 0.00377976 48 0.5 0.0568289 53.3824 87.3529 0 0 18 451.319 212.225
50 28.1311 1 5.62459 93.352 325.147 0.890999 16.7705 25 105.72 16.9811
50 56.2623 2.70165 0 0 0 0 0 0 0 0 0 0 0 0 0 0 0 0 0 0 0 0 0 0 0 0
0 0 0 0.740157 0 0 0 0 0 0 0 0 0 0 0 0 0 0 0 0 0 0 0 0 0 0 0;
p17 42 6.7645 0.5 0.0130557 48 6.88446 0.5 0.0120098 53 0.5 0.0200759
59 0.5 0.00377976 48 0.5 0.0568289 53.3824 87.3529 0 0 18 458.002 212.225
50 28.1311 1 5.62459 93.352 325.147 0.890999 16.7705 25 105.72 16.9811
50 56.2623 2.70165 0 0 0 0 0 0 0 0 0 0 0 0 0 0 0 0 0 0 0 0 0 0 0 0
0 0 0 0.740157 0 0 0 0 0 0 0 0 0 0 0 0 0 0 0 0 0 0 0 0 0 0 0;
p27 42 6.7645 0.5 0.0130557 48 6.88446 0.5 0.0120098 53 0.5 0.0200759
59 0.5 0.00377976 48 0.5 0.0568289 53.3824 87.3529 0 0 18 458.002 212.225
50 28.1311 1 5.62459 93.352 325.147 0.890999 16.7705 25 105.72 16.9811
50 56.2623 2.70165 0 0 0 0 0 0 0 0 0 0 0 0 0 0 0 0 0 0 0 0 0 0 0 0
0 0 0 0.740157 0 0 0 0 0 0 0 0 0 0 0 0 0 0 0 0 0 0 0 0 0 0 0;
p37 42 6.7645 0.5 0.0130557 48 6.88446 0.5 0.0120098 53 0.5 0.0200759
59 0.5 0.00377976 48 0.5 0.0568289 54.353 232.941 0 0 18 414.56 810.02
50 28.1311 1 5.62459 93.352 325.147 0.890999 16.7705 25 105.72 16.9811
50 56.2623 2.70165 0 0 0 0 0 0 0 0 0 0 0 0 0 0 0 0 0 0 0 0 0 0 0 0
0 0 0 0.740157 0 0 0 0 0 0 0 0 0 0 0 0 0 0 0 0 0 0 0 0 0 0 0;
p47 42 6.7645 0.5 0.0130557 48 6.88446 0.5 0.0120098 53 0.5 0.0200759
59 0.5 0.00377976 48 0.5 0.0568289 54.353 232.941 0 0 18 414.56 810.02
50 28.1311 1 5.62459 93.352 325.147 0.890999 16.7705 25 105.72 16.9811
50 56.2623 2.70165 0 0 0 0 0 0 0 0 0 0 0 0 0 0 0 0 0 0 0 0 0 0 0 0
0 0 0 0.740157 0 0 0 0 0 0 0 0 0 0 0 0 0 0 0 0 0 0 0 0 0 0 0;
p57 42 6.7645 0.5 0.0130557 48 6.88446 0.5 0.0120098 53 0.5 0.0200759
59 0.5 0.00377976 48 0.5 0.0568289 54.353 232.941 0 0 18 414.56 810.02
50 28.1311 1 5.62459 93.352 325.147 0.890999 16.7705 25 105.72 16.9811
50 56.2623 2.70165 0 0 0 0 0 0 0 0 0 0 0 0 0 0 0 0 0 0 0 0 0 0 0 0
0 0 0 0.740157 0 0 0 0 0 0 0 0 0 0 0 0 0 0 0 0 0 0 0 0 0 0 0;
p56 42 6.7645 0.5 0.0130557 48 6.88446 0.5 0.0120098 53 0.5 0.0200759
59 0.5 0.00377976 48 0.5 0.0568289 54.353 232.941 0 0 18 414.56 810.02
50 28.1311 1 5.62459 93.352 325.147 0.890999 16.7705 25 105.72 16.9811
50 56.2623 2.70165 0 0 0 0 0 0 0 0 0 0 0 0 0 0 0 0 0 0 0 0 0 0 0 0
0 0 0 0.740157 0 0 0 0 0 0 0 0 0 0 0 0 0 0 0 0 0 0 0 0 0 0 0;
p46 42 6.7645 0.5 0.0130557 48 6.88446 0.5 0.0120098 53 0.5 0.0200759
59 0.5 0.00377976 48 0.5 0.0568289 61.6324 232.941 0 0 18 440.955 810.02
50 28.1311 1 5.62459 93.352 325.147 0.890999 16.7705 25 105.72 16.9811
50 56.2623 2.70165 0 0 0 0 0 0 0 0 0 0 0 0 0 0 0 0 0 0 0 0 0 0 0 0
0 0 0 0.740157 0 0 0 0 0 0 0 0 0 0 0 0 0 0 0 0 0 0 0 0 0 0 0;
p36 42 6.7645 0.5 0.0130557 48 6.88446 0.5 0.0120098 53 0.5 0.0200759
59 0.5 0.00377976 48 0.5 0.0568289 61.6324 232.941 0 0 18 440.955 810.02
50 28.1311 1 5.62459 93.352 325.147 0.890999 16.7705 25 105.72 16.9811
50 56.2623 2.70165 0 0 0 0 0 0 0 0 0 0 0 0 0 0 0 0 0 0 0 0 0 0 0 0
0 0 0 0.740157 0 0 0 0 0 0 0 0 0 0 0 0 0 0 0 0 0 0 0 0 0 0 0;
p26 42 6.7645 0.5 0.0130557 48 6.88446 0.5 0.0120098 53 0.5 0.0200759
59 0.5 0.00377976 48 0.5 0.0568289 53.3824 87.3529 0 0 18 458.002 212.225
50 28.1311 1 5.62459 93.352 325.147 0.890999 16.7705 25 105.72 16.9811
50 56.2623 2.70165 0 0 0 0 0 0 0 0 0 0 0 0 0 0 0 0 0 0 0 0 0 0 0 0
0 0 0 0.740157 0 0 0 0 0 0 0 0 0 0 0 0 0 0 0 0 0 0 0 0 0 0 0;
p16 42 6.7645 0.5 0.0130557 48 6.88446 0.5 0.0120098 53 0.5 0.0200759
59 0.5 0.00377976 48 0.5 0.0568289 53.3824 87.3529 0 0 18 458.002 212.225
50 28.1311 1 5.62459 93.352 325.147 0.890999 16.7705 25 105.72 16.9811
50 56.2623 2.70165 0 0 0 0 0 0 0 0 0 0 0 0 0 0 0 0 0 0 0 0 0 0 0 0
0 0 0 0.740157 0 0 0 0 0 0 0 0 0 0 0 0 0 0 0 0 0 0 0 0 0 0 0;
p15 42 6.7645 0.5 0.0130557 48 6.88446 0.5 0.0120098 53 0.5 0.0200759
59 0.5 0.00377976 48 0.5 0.0568289 53.3824 87.3529 0 0 18 458.002 212.225
50 28.1311 1 5.62459 93.352 325.147 0.890999 16.7705 25 105.72 16.9811
50 56.2623 2.70165 0 0 0 0 0 0 0 0 0 0 0 0 0 0 0 0 0 0 0 0 0 0 0 0
0 0 0 0.740157 0 0 0 0 0 0 0 0 0 0 0 0 0 0 0 0 0 0 0 0 0 0 0;
p25 42 6.7645 0.5 0.0130557 48 6.88446 0.5 0.0120098 53 0.5 0.0200759
59 0.5 0.00377976 48 0.5 0.0568289 53.3824 87.3529 0 0 18 458.002 212.225
50 28.1311 1 5.62459 93.352 325.147 0.890999 16.7705 25 105.72 16.9811
50 56.2623 2.70165 0 0 0 0 0 0 0 0 0 0 0 0 0 0 0 0 0 0 0 0 0 0 0 0
0 0 0 0.740157 0 0 0 0 0 0 0 0 0 0 0 0 0 0 0 0 0 0 0 0 0 0 0;
p35 42 6.7645 0.5 0.0130557 48 6.88446 0.5 0.0120098 53 0.5 0.0200759
59 0.5 0.00377976 48 0.5 0.0568289 61.6324 232.941 0 0 18 440.955 810.02
50 28.1311 1 5.62459 93.352 325.147 0.890999 16.7705 25 105.72 16.9811
50 56.2623 2.70165 0 0 0 0 0 0 0 0 0 0 0 0 0 0 0 0 0 0 0 0 0 0 0 0
0 0 0 0.740157 0 0 0 0 0 0 0 0 0 0 0 0 0 0 0 0 0 0 0 0 0 0 0;
p45 42 6.7645 0.5 0.0130557 48 6.88446 0.5 0.0120098 53 0.5 0.0200759
59 0.5 0.00377976 48 0.5 0.0568289 61.6324 232.941 0 0 18 440.955 810.02
50 28.1311 1 5.62459 93.352 325.147 0.890999 16.7705 25 105.72 16.9811
50 56.2623 2.70165 0 0 0 0 0 0 0 0 0 0 0 0 0 0 0 0 0 0 0 0 0 0 0 0
0 0 0 0.740157 0 0 0 0 0 0 0 0 0 0 0 0 0 0 0 0 0 0 0 0 0 0 0;
p55 42 6.7645 0.5 0.0130557 48 6.88446 0.5 0.0120098 53 0.5 0.0200759
59 0.5 0.00377976 48 0.5 0.0568289 53.3824 87.3529 0 0 18 857.45 212.225
50 28.1311 1 9.85372e-11 99.3387 325.147 0.890999 16.7705 29 144.167
11.725 50 56.2623 2.70165 0.927057 0 0 0 0 0 0 0 0 0 0 0 0 0 0 0 0
0 0 0 0 0 0 0 0 0 0 0.740157 0 0 0 0 0 0 0 0 0 0 0 0 0 0 0 0 0 0 0
0 0 0 0;
p54 42 6.7645 0.5 0.0130557 48 6.88446 0.5 0.0120098 53 0.5 0.0200759
59 0.5 0.00377976 48 0.5 0.0568289 53.3824 87.3529 0 0 18 857.45 212.225
50 28.1311 1 9.85372e-11 99.3387 325.147 0.890999 16.7705 29 144.167
11.725 50 56.2623 2.70165 0.927057 0 0 0 0 0 0 0 0 0 0 0 0 0 0 0 0
0 0 0 0 0 0 0 0 0 0 0.740157 0 0 0 0 0 0 0 0 0 0 0 0 0 0 0 0 0 0 0
0 0 0 0;
p44 42 6.7645 0.5 0.0130557 48 6.88446 0.5 0.0120098 53 0.5 0.0200759
59 0.5 0.00377976 48 0.5 0.0568289 53.3824 87.3529 0 0 18 857.45 212.225
50 28.1311 1 9.85372e-11 90.2647 325.147 0.890999 16.7705 23 85.8938
19.6916 50 56.2623 2.70165 0.927057 0 0 0 0 0 0 0 0 0 0 0 0 0 0 0 0
0 0 0 0 0 0 0 0 0 0 0.740157 0 0 0 0 0 0 0 0 0 0 0 0 0 0 0 0 0 0 0
0 0 0 0;
p24 42 6.7645 0.5 0.0130557 48 6.88446 0.5 0.0120098 53 0.5 0.0200759
59 0.5 0.00377976 48 0.5 0.0568289 53.3824 87.3529 0 0 18 451.319 212.225
50 28.1311 1 5.62459 93.352 325.147 0.890999 16.7705 25 105.72 16.9811
50 56.2623 2.70165 0 0 0 0 0 0 0 0 0 0 0 0 0 0 0 0 0 0 0 0 0 0 0 0
0 0 0 0.740157 0 0 0 0 0 0 0 0 0 0 0 0 0 0 0 0 0 0 0 0 0 0 0;
p14 42 6.7645 0.5 0.0130557 48 6.88446 0.5 0.0120098 53 0.5 0.0200759
59 0.5 0.00377976 48 0.5 0.0568289 53.3824 87.3529 0 0 18 451.319 212.225
50 28.1311 1 5.62459 93.352 325.147 0.890999 16.7705 25 105.72 16.9811
50 56.2623 2.70165 0 0 0 0 0 0 0 0 0 0 0 0 0 0 0 0 0 0 0 0 0 0 0 0
0 0 0 0.740157 0 0 0 0 0 0 0 0 0 0 0 0 0 0 0 0 0 0 0 0 0 0 0;
p13 42 6.7645 0.5 0.0130557 48 6.88446 0.5 0.0120098 53 0.5 0.0200759
59 0.5 0.00377976 48 0.5 0.0568289 53.3824 87.3529 0 0 18 451.319 212.225
50 28.1311 1 5.62459 93.352 325.147 0.890999 16.7705 25 105.72 16.9811
50 56.2623 2.70165 0 0 0 0 0 0 0 0 0 0 0 0 0 0 0 0 0 0 0 0 0 0 0 0
0 0 0 0.740157 0 0 0 0 0 0 0 0 0 0 0 0 0 0 0 0 0 0 0 0 0 0 0;
p23 42 6.7645 0.5 0.0130557 48 6.88446 0.5 0.0120098 53 0.5 0.0200759
59 0.5 0.00377976 48 0.5 0.0568289 53.3824 87.3529 0 0 18 451.319 212.225
50 28.1311 1 5.62459 93.352 325.147 0.890999 16.7705 25 105.72 16.9811
50 56.2623 2.70165 0 0 0 0 0 0 0 0 0 0 0 0 0 0 0 0 0 0 0 0 0 0 0 0
0 0 0 0.740157 0 0 0 0 0 0 0 0 0 0 0 0 0 0 0 0 0 0 0 0 0 0 0;
p33 42 6.7645 0.5 0.0130557 48 6.88446 0.5 0.0120098 53 0.5 0.0200759
59 0.5 0.00377976 48 0.5 0.0568289 53.3824 87.3529 0 0 18 451.319 212.225
50 28.1311 1 5.62459 93.352 325.147 0.890999 16.7705 25 105.72 16.9811
50 56.2623 2.70165 0 0 0 0 0 0 0 0 0 0 0 0 0 0 0 0 0 0 0 0 0 0 0 0
0 0 0 0.740157 0 0 0 0 0 0 0 0 0 0 0 0 0 0 0 0 0 0 0 0 0 0 0;
p43 42 6.7645 0.5 0.0130557 48 6.88446 0.5 0.0120098 53 0.5 0.0200759
59 0.5 0.00377976 48 0.5 0.0568289 53.3824 87.3529 0 0 18 857.45 212.225
50 28.1311 1 9.85372e-11 90.2647 325.147 0.890999 16.7705 23 85.8938
19.6916 50 56.2623 2.70165 0.927057 0 0 0 0 0 0 0 0 0 0 0 0 0 0 0 0
0 0 0 0 0 0 0 0 0 0 0.740157 0 0 0 0 0 0 0 0 0 0 0 0 0 0 0 0 0 0 0
0 0 0 0;
p53 42 6.7645 0.5 0.0130557 48 6.88446 0.5 0.0120098 53 0.5 0.0200759
59 0.5 0.00377976 48 0.5 0.0568289 53.3824 87.3529 0 0 18 857.45 212.225
50 28.1311 1 9.85372e-11 99.3387 325.147 0.890999 16.7705 29 144.167
11.725 50 56.2623 2.70165 0.927057 0 0 0 0 0 0 0 0 0 0 0 0 0 0 0 0
0 0 0 0 0 0 0 0 0 0 0.740157 0 0 0 0 0 0 0 0 0 0 0 0 0 0 0 0 0 0 0
0 0 0 0;
p52 42 6.7645 0.5 0.0130557 48 6.88446 0.5 0.0120098 53 0.5 0.0200759
59 0.5 0.00377976 48 0.5 0.0568289 54.353 232.941 0 0 18 404.865 212.225
50 28.1311 1 5.62459 93.352 325.147 0.890999 16.7705 25 105.72 16.9811
50 56.2623 2.70165 0 0 0 0 0 0 0 0 0 0 0 0 0 0 0 0 0 0 0 0 0 0 0 0
0 0 0 0.740157 0 0 0 0 0 0 0 0 0 0 0 0 0 0 0 0 0 0 0 0 0 0 0;
p51 42 6.7645 0.5 0.0130557 48 6.88446 0.5 0.0120098 53 0.5 0.0200759
59 0.5 0.00377976 48 0.5 0.0568289 54.353 232.941 0 0 18 404.865 212.225
50 28.1311 1 5.62459 93.352 325.147 0.890999 16.7705 25 105.72 16.9811
50 56.2623 2.70165 0 0 0 0 0 0 0 0 0 0 0 0 0 0 0 0 0 0 0 0 0 0 0 0
0 0 0 0.740157 0 0 0 0 0 0 0 0 0 0 0 0 0 0 0 0 0 0 0 0 0 0 0;
p42 42 6.7645 0.5 0.0130557 48 6.88446 0.5 0.0120098 53 0.5 0.0200759
59 0.5 0.00377976 48 0.5 0.0568289 53.3824 87.3529 0 0 18 429.121 212.225
50 28.1311 1 5.62459 93.352 325.147 0.890999 16.7705 25 105.72 16.9811
50 56.2623 2.70165 0 0 0 0 0 0 0 0 0 0 0 0 0 0 0 0 0 0 0 0 0 0 0 0
0 0 0 0.740157 0 0 0 0 0 0 0 0 0 0 0 0 0 0 0 0 0 0 0 0 0 0 0;
p41 42 6.7645 0.5 0.0130557 48 6.88446 0.5 0.0120098 53 0.5 0.0200759
59 0.5 0.00377976 48 0.5 0.0568289 53.3824 87.3529 0 0 18 429.121 212.225
50 28.1311 1 5.62459 93.352 325.147 0.890999 16.7705 25 105.72 16.9811
50 56.2623 2.70165 0 0 0 0 0 0 0 0 0 0 0 0 0 0 0 0 0 0 0 0 0 0 0 0
0 0 0 0.740157 0 0 0 0 0 0 0 0 0 0 0 0 0 0 0 0 0 0 0 0 0 0 0;
p32 42 6.7645 0.5 0.0130557 48 6.88446 0.5 0.0120098 53 0.5 0.0200759
59 0.5 0.00377976 48 0.5 0.0568289 53.3824 87.3529 0 0 18 429.121 212.225
50 28.1311 1 5.62459 93.352 325.147 0.890999 16.7705 25 105.72 16.9811
50 56.2623 2.70165 0 0 0 0 0 0 0 0 0 0 0 0 0 0 0 0 0 0 0 0 0 0 0 0
0 0 0 0.740157 0 0 0 0 0 0 0 0 0 0 0 0 0 0 0 0 0 0 0 0 0 0 0;
p31 42 6.7645 0.5 0.0130557 48 6.88446 0.5 0.0120098 53 0.5 0.0200759
59 0.5 0.00377976 48 0.5 0.0568289 53.3824 87.3529 0 0 18 429.121 212.225
50 28.1311 1 5.62459 93.352 325.147 0.890999 16.7705 25 105.72 16.9811
50 56.2623 2.70165 0 0 0 0 0 0 0 0 0 0 0 0 0 0 0 0 0 0 0 0 0 0 0 0
0 0 0 0.740157 0 0 0 0 0 0 0 0 0 0 0 0 0 0 0 0 0 0 0 0 0 0 0;
p22 42 6.7645 0.5 0.0130557 48 6.88446 0.5 0.0120098 53 0.5 0.0200759
59 0.5 0.00377976 48 0.5 0.0568289 53.3824 87.3529 0 0 18 435.073 212.225
50 28.1311 1 5.62459 93.352 325.147 0.890999 16.7705 25 105.72 16.9811
50 56.2623 2.70165 0 0 0 0 0 0 0 0 0 0 0 0 0 0 0 0 0 0 0 0 0 0 0 0
0 0 0 0.740157 0 0 0 0 0 0 0 0 0 0 0 0 0 0 0 0 0 0 0 0 0 0 0;
p21 42 6.7645 0.5 0.0130557 48 6.88446 0.5 0.0120098 53 0.5 0.0200759
59 0.5 0.00377976 48 0.5 0.0568289 53.3824 87.3529 0 0 18 435.073 212.225
50 28.1311 1 5.62459 93.352 325.147 0.890999 16.7705 25 105.72 16.9811
50 56.2623 2.70165 0 0 0 0 0 0 0 0 0 0 0 0 0 0 0 0 0 0 0 0 0 0 0 0
0 0 0 0.740157 0 0 0 0 0 0 0 0 0 0 0 0 0 0 0 0 0 0 0 0 0 0 0;
p12 42 6.7645 0.5 0.0130557 48 6.88446 0.5 0.0120098 53 0.5 0.0200759
59 0.5 0.00377976 48 0.5 0.0568289 53.3824 87.3529 0 0 18 435.073 212.225
50 28.1311 1 5.62459 93.352 325.147 0.890999 16.7705 25 105.72 16.9811
50 56.2623 2.70165 0 0 0 0 0 0 0 0 0 0 0 0 0 0 0 0 0 0 0 0 0 0 0 0
0 0 0 0.740157 0 0 0 0 0 0 0 0 0 0 0 0 0 0 0 0 0 0 0 0 0 0 0;
p11 42 6.7645 0.5 0.0130557 48 6.88446 0.5 0.0120098 53 0.5 0.0200759
59 0.5 0.00377976 48 0.5 0.0568289 53.3824 87.3529 0 0 18 435.073 212.225
50 28.1311 1 5.62459 93.352 325.147 0.890999 16.7705 25 105.72 16.9811
50 56.2623 2.70165 0 0 0 0 0 0 0 0 0 0 0 0 0 0 0 0 0 0 0 0 0 0 0 0
0 0 0 0.740157 0 0 0 0 0 0 0 0 0 0 0 0 0 0 0 0 0 0 0 0 0 0 0;
gens-ctl-2 1;
gens-waveform-2 1;
gens-ctl-1 1;
gens-waveform-1 1;
gens-ctl-3 1;
gens-waveform-3 1;
aniosc-ctl-2 1;
aniosc-wave-2 7;
LFO-ctrl-1 1;
LFO-waveform-1 0;
LFO-am-fm-phase-1 0;
LFO-ctrl-2 1;
LFO-waveform-2 0;
LFO-am-fm-phase-2 0;
LFO-ctrl-3 1;
LFO-waveform-3 0;
LFO-am-fm-phase-3 0;
FM-invertt-5 0;
lfo-FM-amt-5 0;
lfo-FM-5 0;
lfo-AM-5 0;
lfo-route-dest-5 0;
lfo-FM-amt-4 0;
FM-invertt-4 0;
lfo-FM-4 0;
lfo-AM-4 0;
lfo-route-dest-4 0;
adsr-amp-ctrl 1;
main-adsr-mode 1;
adsr-2-ctrl 1;
adsr-1-ctrl 1;
lfo-FM-3 0;
lfo-AM-3 0;
lfo-route-dest-3 0;
lfo-FM-2 0;
lfo-AM-2 0;
lfo-route-dest-2 0;
aniosc-ctl-1 1;
aniosc-wave-1 7;
delay-ctrl 1;
reso-lvl-ctrl 1;
reso-pitch-ctrl 1;
crush-ctrl 1;
extreme-drive 0;
drive-ctrl 1;
filter-ctrl 1;
lfo-FM-1 0;
lfo-AM-1 0;
lfo-route-dest-1 0;
main-mix-ctrl 1;
