p34 68 0.604822 0.5 0.358075 64 0.62681 0.5 0.106478 84 0.5 0.0953493
71 0.5 0.594355 61 0.5 0.535214 100 367 -8.65475 0 6 744.088 176 50
87.5092 2.06452 3.55412 63.8245 194.656 13.6338 20.956 25 433.37 58.9267
50 35 1.40943 10 0.291339 0.862165 0 0 0.185002 5.99887 1 8.58976 0
0.14574 912.931 1.12205 0.5 0 70.8962 0 61.9386 95.1509 154.245 137.198
3333.7 0.829255 0.5 0 0.817961 0 0.244094 0.845393 1.81001 0 0.871348
1.11398 7.7334 0 0 0 0.814288 0.850001 0.385713 0.364285 0.364285 0.399999
0.521428 0.521428 0.385713 0.436508 0.332861 0.196128 0.630769 1 0.683761
;
p17 68 0.604822 0.5 0.358075 64 0.62681 0.5 0.106478 84 0.5 0.0953493
71 0.5 0.594355 61 0.5 0.535214 100 367 -8.65475 0 6 744.088 176 50
87.5092 2.06452 3.55412 63.8245 194.656 13.6338 20.956 25 499.596 58.9267
50 35 1.40943 10 0.291339 0.862165 0 0 0.185002 5.99887 1 8.58976 0
0.14574 912.931 1.12205 0.5 0 70.8962 0 61.9386 95.1509 154.245 137.198
3333.7 0.829255 0.5 0 0.817961 0 0.244094 0.845393 1.81001 0 0.871348
1.11398 7.7334 0 0 0 0.814288 0.850001 0.385713 0.364285 0.364285 0.399999
0.521428 0.521428 0.385713 0.436508 0.332861 0.196128 0.630769 1 0.683761
;
p27 68 0.604822 0.5 0.358075 64 0.62681 0.5 0.106478 84 0.5 0.0953493
71 0.5 0.594355 61 0.5 0.535214 100 367 -8.65475 0 6 744.088 176 50
87.5092 2.06452 3.55412 63.8245 194.656 13.6338 20.956 25 487.791 58.9267
50 35 1.40943 10 0.291339 0.862165 0 0 0.185002 5.99887 1 8.58976 0
0.14574 912.931 1.12205 0.5 0 70.8962 0 61.9386 95.1509 154.245 137.198
3333.7 0.829255 0.5 0 0.817961 0 0.244094 0.845393 1.81001 0 0.871348
1.11398 7.7334 0 0 0 0.814288 0.850001 0.385713 0.364285 0.364285 0.399999
0.521428 0.521428 0.385713 0.436508 0.332861 0.196128 0.630769 1 0.683761
;
p37 68 0.604822 0.5 0.358075 64 0.62681 0.5 0.106478 84 0.5 0.0953493
71 0.5 0.594355 61 0.5 0.535214 100 367 -8.65475 0 6 744.088 176 50
87.5092 2.06452 3.55412 63.8245 194.656 13.6338 20.956 25 433.37 58.9267
50 35 1.40943 10 0.291339 0.862165 0 0 0.185002 5.99887 1 8.58976 0
0.14574 912.931 1.12205 0.5 0 70.8962 0 61.9386 95.1509 154.245 137.198
3333.7 0.829255 0.5 0 0.817961 0 0.244094 0.845393 1.81001 0 0.871348
1.11398 7.7334 0 0 0 0.814288 0.850001 0.385713 0.364285 0.364285 0.399999
0.521428 0.521428 0.385713 0.436508 0.332861 0.196128 0.630769 1 0.683761
;
p47 68 0.604822 0.5 0.358075 64 0.62681 0.5 0.2106 84 0.5 0.119254
71 0.5 0.594355 61 0.5 0.535214 100 367 -8.65475 0 6 744.088 176 50
87.5092 2.06452 3.55412 63.8245 194.656 13.6338 20.956 25 366.429 58.9267
50 35 1.40943 10 0.291339 0.862165 0 0 0.185002 5.99887 1 8.58976 0
0.14574 912.931 1.12205 0.5 0 70.8962 0 61.9386 95.1509 154.245 137.198
3333.7 0.829255 0.5 0 0.817961 0 0.244094 0.845393 1.81001 0 0.871348
1.11398 7.7334 0 0 0 0.814288 0.850001 0.385713 0.364285 0.364285 0.399999
0.521428 0.521428 0.385713 0.436508 0.332861 0.196128 0.630769 1 0.683761
;
p57 68 0.604822 0.5 0.358075 64 0.62681 0.5 0.2106 84 0.5 0.119254
71 0.5 0.594355 61 0.5 0.0154277 100 367 -8.65475 0 6 744.088 176 50
87.5092 2.06452 3.55412 63.8245 194.656 13.6338 20.956 25 366.429 58.9267
50 35 1.40943 10 0.291339 0.862165 0 0 0.185002 5.99887 1 8.58976 0
0.14574 912.931 1.12205 0.5 0 70.8962 0 61.9386 95.1509 154.245 137.198
3333.7 0.829255 0.5 0 0.817961 0 0.244094 0.845393 1.81001 0 0.871348
1.11398 7.7334 0 0 0 0.814288 0.850001 0.385713 0.364285 0.364285 0.399999
0.521428 0.521428 0.385713 0.436508 0.332861 0.196128 0.630769 1 0.683761
;
p56 68 0.604822 0.5 0.358075 64 0.62681 0.5 0.2106 84 0.5 0.119254
71 0.5 0.594355 61 0.5 0.0154277 100 367 -8.65475 0 6 744.088 176 50
87.5092 2.06452 3.55412 63.8245 194.656 13.6338 20.956 25 366.429 58.9267
50 35 1.40943 10 0.291339 0.862165 0 0 0.185002 5.99887 1 8.58976 0
0.14574 912.931 1.12205 0.5 0 70.8962 0 61.9386 95.1509 154.245 137.198
3333.7 0.829255 0.5 0 0.817961 0 0.244094 0.845393 1.81001 0 0.871348
1.11398 7.7334 0 0 0 0.814288 0.850001 0.385713 0.364285 0.364285 0.399999
0.521428 0.521428 0.385713 0.436508 0.332861 0.196128 0.630769 1 0.683761
;
p46 68 0.604822 0.5 0.358075 64 0.62681 0.5 0.2106 84 0.5 0.119254
71 0.5 0.594355 61 0.5 0.535214 100 367 -8.65475 0 6 744.088 176 50
87.5092 2.06452 3.55412 63.8245 194.656 13.6338 20.956 25 366.429 58.9267
50 35 1.40943 10 0.291339 0.862165 0 0 0.185002 5.99887 1 8.58976 0
0.14574 912.931 1.12205 0.5 0 70.8962 0 61.9386 95.1509 154.245 137.198
3333.7 0.829255 0.5 0 0.817961 0 0.244094 0.845393 1.81001 0 0.871348
1.11398 7.7334 0 0 0 0.814288 0.850001 0.385713 0.364285 0.364285 0.399999
0.521428 0.521428 0.385713 0.436508 0.332861 0.196128 0.630769 1 0.683761
;
p36 68 0.604822 0.5 0.358075 64 0.62681 0.5 0.106478 84 0.5 0.0953493
71 0.5 0.594355 61 0.5 0.535214 100 367 -8.65475 0 6 744.088 176 50
87.5092 2.06452 3.55412 63.8245 194.656 13.6338 20.956 25 433.37 58.9267
50 35 1.40943 10 0.291339 0.862165 0 0 0.185002 5.99887 1 8.58976 0
0.14574 912.931 1.12205 0.5 0 70.8962 0 61.9386 95.1509 154.245 137.198
3333.7 0.829255 0.5 0 0.817961 0 0.244094 0.845393 1.81001 0 0.871348
1.11398 7.7334 0 0 0 0.814288 0.850001 0.385713 0.364285 0.364285 0.399999
0.521428 0.521428 0.385713 0.436508 0.332861 0.196128 0.630769 1 0.683761
;
p26 68 0.604822 0.5 0.358075 64 0.62681 0.5 0.106478 84 0.5 0.0953493
71 0.5 0.594355 61 0.5 0.535214 100 367 -8.65475 0 6 744.088 176 50
87.5092 2.06452 3.55412 63.8245 194.656 13.6338 20.956 25 487.791 58.9267
50 35 1.40943 10 0.291339 0.862165 0 0 0.185002 5.99887 1 8.58976 0
0.14574 912.931 1.12205 0.5 0 70.8962 0 61.9386 95.1509 154.245 137.198
3333.7 0.829255 0.5 0 0.817961 0 0.244094 0.845393 1.81001 0 0.871348
1.11398 7.7334 0 0 0 0.814288 0.850001 0.385713 0.364285 0.364285 0.399999
0.521428 0.521428 0.385713 0.436508 0.332861 0.196128 0.630769 1 0.683761
;
p16 68 0.604822 0.5 0.358075 64 0.62681 0.5 0.106478 84 0.5 0.0953493
71 0.5 0.594355 61 0.5 0.535214 100 367 -8.65475 0 6 744.088 176 50
87.5092 2.06452 3.55412 63.8245 194.656 13.6338 20.956 25 499.596 58.9267
50 35 1.40943 10 0.291339 0.862165 0 0 0.185002 5.99887 1 8.58976 0
0.14574 912.931 1.12205 0.5 0 70.8962 0 61.9386 95.1509 154.245 137.198
3333.7 0.829255 0.5 0 0.817961 0 0.244094 0.845393 1.81001 0 0.871348
1.11398 7.7334 0 0 0 0.814288 0.850001 0.385713 0.364285 0.364285 0.399999
0.521428 0.521428 0.385713 0.436508 0.332861 0.196128 0.630769 1 0.683761
;
p15 68 0.604822 0.5 0.358075 64 0.62681 0.5 0.106478 84 0.5 0.0953493
71 0.5 0.594355 61 0.5 0.535214 100 367 -8.65475 0 6 744.088 176 50
87.5092 2.06452 3.55412 63.8245 194.656 13.6338 20.956 25 499.596 58.9267
50 35 1.40943 10 0.291339 0.862165 0 0 0.185002 5.99887 1 8.58976 0
0.14574 912.931 1.12205 0.5 0 70.8962 0 61.9386 95.1509 154.245 137.198
3333.7 0.829255 0.5 0 0.817961 0 0.244094 0.845393 1.81001 0 0.871348
1.11398 7.7334 0 0 0 0.814288 0.850001 0.385713 0.364285 0.364285 0.399999
0.521428 0.521428 0.385713 0.436508 0.332861 0.196128 0.630769 1 0.683761
;
p25 68 0.604822 0.5 0.358075 64 0.62681 0.5 0.106478 84 0.5 0.0953493
71 0.5 0.594355 61 0.5 0.535214 100 367 -8.65475 0 6 744.088 176 50
87.5092 2.06452 3.55412 63.8245 194.656 13.6338 20.956 25 487.791 58.9267
50 35 1.40943 10 0.291339 0.862165 0 0 0.185002 5.99887 1 8.58976 0
0.14574 912.931 1.12205 0.5 0 70.8962 0 61.9386 95.1509 154.245 137.198
3333.7 0.829255 0.5 0 0.817961 0 0.244094 0.845393 1.81001 0 0.871348
1.11398 7.7334 0 0 0 0.814288 0.850001 0.385713 0.364285 0.364285 0.399999
0.521428 0.521428 0.385713 0.436508 0.332861 0.196128 0.630769 1 0.683761
;
p35 68 0.604822 0.5 0.358075 64 0.62681 0.5 0.106478 84 0.5 0.0953493
71 0.5 0.594355 61 0.5 0.535214 100 367 -8.65475 0 6 744.088 176 50
87.5092 2.06452 3.55412 63.8245 194.656 13.6338 20.956 25 433.37 58.9267
50 35 1.40943 10 0.291339 0.862165 0 0 0.185002 5.99887 1 8.58976 0
0.14574 912.931 1.12205 0.5 0 70.8962 0 61.9386 95.1509 154.245 137.198
3333.7 0.829255 0.5 0 0.817961 0 0.244094 0.845393 1.81001 0 0.871348
1.11398 7.7334 0 0 0 0.814288 0.850001 0.385713 0.364285 0.364285 0.399999
0.521428 0.521428 0.385713 0.436508 0.332861 0.196128 0.630769 1 0.683761
;
p45 68 0.604822 0.5 0.358075 64 0.62681 0.5 0.2106 84 0.5 0.119254
71 0.5 0.594355 61 0.5 0.535214 100 367 -8.65475 0 6 744.088 176 50
87.5092 2.06452 3.55412 63.8245 194.656 13.6338 20.956 25 366.429 58.9267
50 35 1.40943 10 0.291339 0.862165 0 0 0.185002 5.99887 1 8.58976 0
0.14574 912.931 1.12205 0.5 0 70.8962 0 61.9386 95.1509 154.245 137.198
3333.7 0.829255 0.5 0 0.817961 0 0.244094 0.845393 1.81001 0 0.871348
1.11398 7.7334 0 0 0 0.814288 0.850001 0.385713 0.364285 0.364285 0.399999
0.521428 0.521428 0.385713 0.436508 0.332861 0.196128 0.630769 1 0.683761
;
p55 68 0.604822 0.5 0.358075 64 0.62681 0.5 0.2106 84 0.5 0.119254
71 0.5 0.594355 61 0.5 0.0154277 100 367 -8.65475 0 6 744.088 176 50
87.5092 2.06452 3.55412 63.8245 194.656 13.6338 20.956 25 366.429 58.9267
50 35 1.40943 10 0.291339 0.862165 0 0 0.185002 5.99887 1 8.58976 0
0.14574 912.931 1.12205 0.5 0 70.8962 0 61.9386 95.1509 154.245 137.198
3333.7 0.829255 0.5 0 0.817961 0 0.244094 0.845393 1.81001 0 0.871348
1.11398 7.7334 0 0 0 0.814288 0.850001 0.385713 0.364285 0.364285 0.399999
0.521428 0.521428 0.385713 0.436508 0.332861 0.196128 0.630769 1 0.683761
;
p54 68 0.604822 0.5 0.358075 64 0.62681 0.5 0.2106 84 0.5 0.119254
71 0.5 0.594355 61 0.5 0.0154277 100 367 -8.65475 0 6 744.088 176 50
87.5092 2.06452 3.55412 63.8245 194.656 13.6338 20.956 25 366.429 58.9267
50 35 1.40943 10 0.291339 0.862165 0 0 0.185002 5.99887 1 8.58976 0
0.14574 912.931 1.12205 0.5 0 70.8962 0 61.9386 95.1509 154.245 137.198
3333.7 0.829255 0.5 0 0.817961 0 0.244094 0.845393 1.81001 0 0.871348
1.11398 7.7334 0 0 0 0.814288 0.850001 0.385713 0.364285 0.364285 0.399999
0.521428 0.521428 0.385713 0.436508 0.332861 0.196128 0.630769 1 0.683761
;
p44 68 0.604822 0.5 0.358075 64 0.62681 0.5 0.2106 84 0.5 0.119254
71 0.5 0.594355 61 0.5 0.535214 100 367 -8.65475 0 6 744.088 176 50
87.5092 2.06452 3.55412 63.8245 194.656 13.6338 20.956 25 366.429 58.9267
50 35 1.40943 10 0.291339 0.862165 0 0 0.185002 5.99887 1 8.58976 0
0.14574 912.931 1.12205 0.5 0 70.8962 0 61.9386 95.1509 154.245 137.198
3333.7 0.829255 0.5 0 0.817961 0 0.244094 0.845393 1.81001 0 0.871348
1.11398 7.7334 0 0 0 0.814288 0.850001 0.385713 0.364285 0.364285 0.399999
0.521428 0.521428 0.385713 0.436508 0.332861 0.196128 0.630769 1 0.683761
;
p24 68 0.604822 0.5 0.358075 64 0.62681 0.5 0.106478 84 0.5 0.0953493
71 0.5 0.594355 61 0.5 0.535214 100 367 -8.65475 0 6 744.088 176 50
87.5092 2.06452 3.55412 63.8245 194.656 13.6338 20.956 25 487.791 58.9267
50 35 1.40943 10 0.291339 0.862165 0 0 0.185002 5.99887 1 8.58976 0
0.14574 912.931 1.12205 0.5 0 70.8962 0 61.9386 95.1509 154.245 137.198
3333.7 0.829255 0.5 0 0.817961 0 0.244094 0.845393 1.81001 0 0.871348
1.11398 7.7334 0 0 0 0.814288 0.850001 0.385713 0.364285 0.364285 0.399999
0.521428 0.521428 0.385713 0.436508 0.332861 0.196128 0.630769 1 0.683761
;
p14 68 0.604822 0.5 0.358075 64 0.62681 0.5 0.106478 84 0.5 0.0953493
71 0.5 0.594355 61 0.5 0.535214 100 367 -8.65475 0 6 744.088 176 50
87.5092 2.06452 3.55412 63.8245 194.656 13.6338 20.956 25 499.596 58.9267
50 35 1.40943 10 0.291339 0.862165 0 0 0.185002 5.99887 1 8.58976 0
0.14574 912.931 1.12205 0.5 0 70.8962 0 61.9386 95.1509 154.245 137.198
3333.7 0.829255 0.5 0 0.817961 0 0.244094 0.845393 1.81001 0 0.871348
1.11398 7.7334 0 0 0 0.814288 0.850001 0.385713 0.364285 0.364285 0.399999
0.521428 0.521428 0.385713 0.436508 0.332861 0.196128 0.630769 1 0.683761
;
p13 68 0.604822 0.5 0.358075 64 0.62681 0.5 0.106478 84 0.5 0.0953493
71 0.5 0.594355 61 0.5 0.535214 100 367 -8.65475 0 6 744.088 176 50
87.5092 2.06452 3.55412 63.8245 194.656 13.6338 20.956 25 499.596 58.9267
50 35 1.40943 10 0.291339 0.862165 0 0 0.185002 5.99887 1 8.58976 0
0.14574 912.931 1.12205 0.5 0 70.8962 0 61.9386 95.1509 154.245 137.198
3333.7 0.829255 0.5 0 0.817961 0 0.244094 0.845393 1.81001 0 0.871348
1.11398 7.7334 0 0 0 0.814288 0.850001 0.385713 0.364285 0.364285 0.399999
0.521428 0.521428 0.385713 0.436508 0.332861 0.196128 0.630769 1 0.683761
;
p23 68 0.604822 0.5 0.358075 64 0.62681 0.5 0.106478 84 0.5 0.0953493
71 0.5 0.594355 61 0.5 0.535214 100 367 -8.65475 0 6 744.088 176 50
87.5092 2.06452 3.55412 63.8245 194.656 13.6338 20.956 25 487.791 58.9267
50 35 1.40943 10 0.291339 0.862165 0 0 0.185002 5.99887 1 8.58976 0
0.14574 912.931 1.12205 0.5 0 70.8962 0 61.9386 95.1509 154.245 137.198
3333.7 0.829255 0.5 0 0.817961 0 0.244094 0.845393 1.81001 0 0.871348
1.11398 7.7334 0 0 0 0.814288 0.850001 0.385713 0.364285 0.364285 0.399999
0.521428 0.521428 0.385713 0.436508 0.332861 0.196128 0.630769 1 0.683761
;
p33 68 0.604822 0.5 0.358075 64 0.62681 0.5 0.106478 84 0.5 0.0953493
71 0.5 0.594355 61 0.5 0.535214 100 367 -8.65475 0 6 744.088 176 50
87.5092 2.06452 3.55412 63.8245 194.656 13.6338 20.956 25 433.37 58.9267
50 35 1.40943 10 0.291339 0.862165 0 0 0.185002 5.99887 1 8.58976 0
0.14574 912.931 1.12205 0.5 0 70.8962 0 61.9386 95.1509 154.245 137.198
3333.7 0.829255 0.5 0 0.817961 0 0.244094 0.845393 1.81001 0 0.871348
1.11398 7.7334 0 0 0 0.814288 0.850001 0.385713 0.364285 0.364285 0.399999
0.521428 0.521428 0.385713 0.436508 0.332861 0.196128 0.630769 1 0.683761
;
p43 68 0.604822 0.5 0.358075 64 0.62681 0.5 0.2106 84 0.5 0.119254
71 0.5 0.594355 61 0.5 0.535214 100 367 -8.65475 0 6 744.088 176 50
87.5092 2.06452 3.55412 63.8245 194.656 13.6338 20.956 25 366.429 58.9267
50 35 1.40943 10 0.291339 0.862165 0 0 0.185002 5.99887 1 8.58976 0
0.14574 912.931 1.12205 0.5 0 70.8962 0 61.9386 95.1509 154.245 137.198
3333.7 0.829255 0.5 0 0.817961 0 0.244094 0.845393 1.81001 0 0.871348
1.11398 7.7334 0 0 0 0.814288 0.850001 0.385713 0.364285 0.364285 0.399999
0.521428 0.521428 0.385713 0.436508 0.332861 0.196128 0.630769 1 0.683761
;
p53 68 0.604822 0.5 0.358075 64 0.62681 0.5 0.2106 84 0.5 0.119254
71 0.5 0.594355 61 0.5 0.0154277 100 367 -8.65475 0 6 744.088 176 50
87.5092 2.06452 3.55412 63.8245 194.656 13.6338 20.956 25 366.429 58.9267
50 35 1.40943 10 0.291339 0.862165 0 0 0.185002 5.99887 1 8.58976 0
0.14574 912.931 1.12205 0.5 0 70.8962 0 61.9386 95.1509 154.245 137.198
3333.7 0.829255 0.5 0 0.817961 0 0.244094 0.845393 1.81001 0 0.871348
1.11398 7.7334 0 0 0 0.814288 0.850001 0.385713 0.364285 0.364285 0.399999
0.521428 0.521428 0.385713 0.436508 0.332861 0.196128 0.630769 1 0.683761
;
p52 68 0.604822 0.5 0.358075 64 0.62681 0.5 0.2106 84 0.5 0.119254
71 0.5 0.594355 61 0.5 0.0154277 100 367 -8.65475 0 6 744.088 176 50
87.5092 2.06452 3.55412 63.8245 194.656 13.6338 20.956 25 366.429 58.9267
50 35 1.40943 10 0.291339 0.862165 0 0 0.185002 5.99887 1 8.58976 0
0.14574 912.931 1.12205 0.5 0 70.8962 0 61.9386 95.1509 154.245 137.198
3333.7 0.829255 0.5 0 0.817961 0 0.244094 0.845393 1.81001 0 0.871348
1.11398 7.7334 0 0 0 0.814288 0.850001 0.385713 0.364285 0.364285 0.399999
0.521428 0.521428 0.385713 0.436508 0.332861 0.196128 0.630769 1 0.683761
;
p51 68 0.604822 0.5 0.358075 64 0.62681 0.5 0.2106 84 0.5 0.119254
71 0.5 0.594355 61 0.5 0.0154277 100 367 -8.65475 0 6 744.088 176 50
87.5092 2.06452 3.55412 63.8245 194.656 13.6338 20.956 25 366.429 58.9267
50 35 1.40943 10 0.291339 0.862165 0 0 0.185002 5.99887 1 8.58976 0
0.14574 912.931 1.12205 0.5 0 70.8962 0 61.9386 95.1509 154.245 137.198
3333.7 0.829255 0.5 0 0.817961 0 0.244094 0.845393 1.81001 0 0.871348
1.11398 7.7334 0 0 0 0.814288 0.850001 0.385713 0.364285 0.364285 0.399999
0.521428 0.521428 0.385713 0.436508 0.332861 0.196128 0.630769 1 0.683761
;
p42 68 0.604822 0.5 0.358075 64 0.62681 0.5 0.2106 84 0.5 0.119254
71 0.5 0.594355 61 0.5 0.535214 100 367 -8.65475 0 6 744.088 176 50
87.5092 2.06452 3.55412 63.8245 194.656 13.6338 20.956 25 366.429 58.9267
50 35 1.40943 10 0.291339 0.862165 0 0 0.185002 5.99887 1 8.58976 0
0.14574 912.931 1.12205 0.5 0 70.8962 0 61.9386 95.1509 154.245 137.198
3333.7 0.829255 0.5 0 0.817961 0 0.244094 0.845393 1.81001 0 0.871348
1.11398 7.7334 0 0 0 0.814288 0.850001 0.385713 0.364285 0.364285 0.399999
0.521428 0.521428 0.385713 0.436508 0.332861 0.196128 0.630769 1 0.683761
;
p41 68 0.604822 0.5 0.358075 64 0.62681 0.5 0.2106 84 0.5 0.119254
71 0.5 0.594355 61 0.5 0.535214 100 367 -8.65475 0 6 744.088 176 50
87.5092 2.06452 3.55412 63.8245 194.656 13.6338 20.956 25 366.429 58.9267
50 35 1.40943 10 0.291339 0.862165 0 0 0.185002 5.99887 1 8.58976 0
0.14574 912.931 1.12205 0.5 0 70.8962 0 61.9386 95.1509 154.245 137.198
3333.7 0.829255 0.5 0 0.817961 0 0.244094 0.845393 1.81001 0 0.871348
1.11398 7.7334 0 0 0 0.814288 0.850001 0.385713 0.364285 0.364285 0.399999
0.521428 0.521428 0.385713 0.436508 0.332861 0.196128 0.630769 1 0.683761
;
p32 68 0.604822 0.5 0.358075 64 0.62681 0.5 0.106478 84 0.5 0.0953493
71 0.5 0.594355 61 0.5 0.535214 100 367 -8.65475 0 6 744.088 176 50
87.5092 2.06452 3.55412 63.8245 194.656 13.6338 20.956 25 433.37 58.9267
50 35 1.40943 10 0.291339 0.862165 0 0 0.185002 5.99887 1 8.58976 0
0.14574 912.931 1.12205 0.5 0 70.8962 0 61.9386 95.1509 154.245 137.198
3333.7 0.829255 0.5 0 0.817961 0 0.244094 0.845393 1.81001 0 0.871348
1.11398 7.7334 0 0 0 0.814288 0.850001 0.385713 0.364285 0.364285 0.399999
0.521428 0.521428 0.385713 0.436508 0.332861 0.196128 0.630769 1 0.683761
;
p31 68 0.604822 0.5 0.358075 64 0.62681 0.5 0.106478 84 0.5 0.0953493
71 0.5 0.594355 61 0.5 0.535214 100 367 -8.65475 0 6 744.088 176 50
87.5092 2.06452 3.55412 63.8245 194.656 13.6338 20.956 25 433.37 58.9267
50 35 1.40943 10 0.291339 0.862165 0 0 0.185002 5.99887 1 8.58976 0
0.14574 912.931 1.12205 0.5 0 70.8962 0 61.9386 95.1509 154.245 137.198
3333.7 0.829255 0.5 0 0.817961 0 0.244094 0.845393 1.81001 0 0.871348
1.11398 7.7334 0 0 0 0.814288 0.850001 0.385713 0.364285 0.364285 0.399999
0.521428 0.521428 0.385713 0.436508 0.332861 0.196128 0.630769 1 0.683761
;
p22 68 0.604822 0.5 0.358075 64 0.62681 0.5 0.106478 84 0.5 0.0953493
71 0.5 0.594355 61 0.5 0.535214 100 367 -8.65475 0 6 744.088 176 50
87.5092 2.06452 3.55412 63.8245 194.656 13.6338 20.956 25 487.791 58.9267
50 35 1.40943 10 0.291339 0.862165 0 0 0.185002 5.99887 1 8.58976 0
0.14574 912.931 1.12205 0.5 0 70.8962 0 61.9386 95.1509 154.245 137.198
3333.7 0.829255 0.5 0 0.817961 0 0.244094 0.845393 1.81001 0 0.871348
1.11398 7.7334 0 0 0 0.814288 0.850001 0.385713 0.364285 0.364285 0.399999
0.521428 0.521428 0.385713 0.436508 0.332861 0.196128 0.630769 1 0.683761
;
p21 68 0.604822 0.5 0.358075 64 0.62681 0.5 0.106478 84 0.5 0.0953493
71 0.5 0.594355 61 0.5 0.535214 100 367 -8.65475 0 6 744.088 176 50
87.5092 2.06452 3.55412 63.8245 194.656 13.6338 20.956 25 487.791 58.9267
50 35 1.40943 10 0.291339 0.862165 0 0 0.185002 5.99887 1 8.58976 0
0.14574 912.931 1.12205 0.5 0 70.8962 0 61.9386 95.1509 154.245 137.198
3333.7 0.829255 0.5 0 0.817961 0 0.244094 0.845393 1.81001 0 0.871348
1.11398 7.7334 0 0 0 0.814288 0.850001 0.385713 0.364285 0.364285 0.399999
0.521428 0.521428 0.385713 0.436508 0.332861 0.196128 0.630769 1 0.683761
;
p12 68 0.604822 0.5 0.358075 64 0.62681 0.5 0.106478 84 0.5 0.0953493
71 0.5 0.594355 61 0.5 0.535214 100 367 -8.65475 0 6 744.088 176 50
87.5092 2.06452 3.55412 63.8245 194.656 13.6338 20.956 25 499.596 58.9267
50 35 1.40943 10 0.291339 0.862165 0 0 0.185002 5.99887 1 8.58976 0
0.14574 912.931 1.12205 0.5 0 70.8962 0 61.9386 95.1509 154.245 137.198
3333.7 0.829255 0.5 0 0.817961 0 0.244094 0.845393 1.81001 0 0.871348
1.11398 7.7334 0 0 0 0.814288 0.850001 0.385713 0.364285 0.364285 0.399999
0.521428 0.521428 0.385713 0.436508 0.332861 0.196128 0.630769 1 0.683761
;
p11 68 0.604822 0.5 0.358075 64 0.62681 0.5 0.106478 84 0.5 0.0953493
71 0.5 0.594355 61 0.5 0.535214 100 367 -8.65475 0 6 744.088 176 50
87.5092 2.06452 3.55412 63.8245 194.656 13.6338 20.956 25 499.596 58.9267
50 35 1.40943 10 0.291339 0.862165 0 0 0.185002 5.99887 1 8.58976 0
0.14574 912.931 1.12205 0.5 0 70.8962 0 61.9386 95.1509 154.245 137.198
3333.7 0.829255 0.5 0 0.817961 0 0.244094 0.845393 1.81001 0 0.871348
1.11398 7.7334 0 0 0 0.814288 0.850001 0.385713 0.364285 0.364285 0.399999
0.521428 0.521428 0.385713 0.436508 0.332861 0.196128 0.630769 1 0.683761
;
glide 228.994;
color-cp17 -1.17818e+07;
color-cp16 -1.17818e+07;
color-cp15 -1.17818e+07;
color-cp14 -1.17818e+07;
color-cp13 -1.17818e+07;
color-cp12 -1.17818e+07;
color-cp11 -1.17818e+07;
color-cp37 -6.52796e+06;
color-cp36 -6.52796e+06;
color-cp35 -6.52796e+06;
color-cp34 -6.52796e+06;
color-cp33 -6.52796e+06;
color-cp32 -6.52796e+06;
color-cp31 -6.52796e+06;
color-cp57 -4.80348e+06;
color-cp56 -4.80348e+06;
color-cp55 -4.80348e+06;
color-cp54 -4.80348e+06;
color-cp53 -4.80348e+06;
color-cp52 -4.80348e+06;
color-cp51 -4.80348e+06;
color-cp41 -4.81194e+06;
color-cp42 -4.81194e+06;
color-cp43 -4.81194e+06;
color-cp44 -4.81194e+06;
color-cp45 -4.81194e+06;
color-cp46 -4.81194e+06;
color-cp47 -4.81194e+06;
color-cp21 -9.28352e+06;
color-cp22 -9.28352e+06;
color-cp23 -9.28352e+06;
color-cp24 -9.28352e+06;
color-cp25 -9.28352e+06;
color-cp26 -9.28352e+06;
color-cp27 -9.28352e+06;
preset_name djfhdhjdhf;
gens-ctl-2 1;
gens-waveform-2 2;
gens-ctl-3 1;
gens-waveform-3 3;
aniosc-ctl-2 1;
aniosc-wave-2 5;
LFO-ctrl-2 0;
LFO-waveform-2 3;
LFO-am-fm-phase-2 0;
LFO-ctrl-3 0;
LFO-waveform-3 0;
LFO-am-fm-phase-3 0;
granulate-sample-2 bells_1.wav;
granulate-start-2 1;
granulate-ctrl-2 1;
granulate-sample-1 bells_2.wav;
granulate-start-1 0;
granulate-ctrl-1 1;
gens-ctl-1 1;
gens-waveform-1 2;
LFO-ctrl-1 0;
LFO-waveform-1 0;
LFO-am-fm-phase-1 0;
FM-invertt-5 0;
lfo-FM-amt-5 33;
lfo-FM-5 0;
lfo-AM-5 0;
lfo-route-dest-5 0;
lfo-FM-amt-4 128;
FM-invertt-4 0;
lfo-FM-4 0;
lfo-AM-4 0;
lfo-route-dest-4 0;
main-adsr 0.814288 0.850001 0.385713 0.364285 0.364285;
adsr-amp-ctrl 1;
main-adsr-mode 1;
adsr-2 0.332861 0.196128 0.630769 1 0.683761;
adsr-2-ctrl 1;
adsr-1 0.399999 0.521428 0.521428 0.385713 0.436508;
adsr-1-ctrl 1;
lfo-FM-3 0;
lfo-AM-3 0;
lfo-route-dest-3 0;
lfo-FM-2 0;
lfo-AM-2 5;
lfo-route-dest-2 2;
aniosc-ctl-1 1;
aniosc-wave-1 14;
delay-ctrl 1;
reso-lvl-ctrl 1;
reso-pitch-ctrl 1;
crush-ctrl 1;
extreme-drive 0;
drive-ctrl 1;
filter-ctrl 1;
lfo-FM-1 0;
lfo-AM-1 1;
lfo-route-dest-1 2;
main-mix-ctrl 1;
